Frequency (Hz)	Level (dB)
5.383301	-96.185966
10.766602	-96.145325
16.149902	-96.126114
21.533203	-96.160103
26.916504	-96.130417
32.299805	-96.112671
37.683105	-96.096985
43.066406	-96.057610
48.449707	-96.065300
53.833008	-95.987457
59.216309	-96.033424
64.599609	-95.933975
69.982910	-95.949791
75.366211	-95.871605
80.749512	-95.836182
86.132812	-95.834145
91.516113	-95.673569
96.899414	-95.665741
102.282715	-95.737038
107.666016	-95.618652
113.049316	-93.571953
118.432617	-92.877251
123.815918	-91.438759
129.199219	-91.610016
134.582520	-93.016556
139.965820	-93.221573
145.349121	-91.817596
150.732422	-90.775269
156.115723	-98.043846
161.499023	-87.476494
166.882324	-83.825447
172.265625	-86.766479
177.648926	-78.631744
183.032227	-79.756630
188.415527	-74.406960
193.798828	-75.274597
199.182129	-70.546402
204.565430	-65.590034
209.948730	-65.904823
215.332031	-70.360901
220.715332	-75.248070
226.098633	-67.109299
231.481934	-64.717300
236.865234	-65.870522
242.248535	-61.933739
247.631836	-56.378719
253.015137	-58.838646
258.398438	-63.339111
263.781738	-69.968559
269.165039	-67.733093
274.548340	-63.415730
279.931641	-65.616203
285.314941	-54.451042
290.698242	-53.585926
296.081543	-59.017178
301.464844	-51.633801
306.848145	-49.317593
312.231445	-54.057056
317.614746	-56.924500
322.998047	-58.553802
328.381348	-52.761997
333.764648	-42.767914
339.147949	-42.770748
344.531250	-46.118874
349.914551	-51.824093
355.297852	-53.175903
360.681152	-49.927795
366.064453	-54.876015
371.447754	-46.043320
376.831055	-50.253147
382.214355	-39.351418
387.597656	-42.805801
392.980957	-51.827614
398.364258	-50.252560
403.747559	-50.760624
409.130859	-52.418499
414.514160	-50.077824
419.897461	-38.240147
425.280762	-37.885342
430.664062	-45.942310
436.047363	-52.414078
441.430664	-50.679562
446.813965	-48.040138
452.197266	-49.378147
457.580566	-54.660160
462.963867	-53.344685
468.347168	-55.132050
473.730469	-58.721157
479.113770	-64.823990
484.497070	-65.927147
489.880371	-57.582310
495.263672	-52.650578
500.646973	-52.926311
506.030273	-57.639652
511.413574	-54.366539
516.796875	-51.311462
522.180176	-51.634960
527.563477	-49.927044
532.946777	-53.801548
538.330078	-56.914806
543.713379	-56.866440
549.096680	-49.892357
554.479980	-51.761211
559.863281	-62.237499
565.246582	-51.098812
570.629883	-56.418633
576.013184	-57.207180
581.396484	-53.286396
586.779785	-53.764568
592.163086	-48.126465
597.546387	-49.120358
602.929688	-49.692299
608.312988	-48.746033
613.696289	-50.818951
619.079590	-56.318844
624.462891	-54.402855
629.846191	-51.217007
635.229492	-58.053143
640.612793	-55.190731
645.996094	-54.864719
651.379395	-59.976654
656.762695	-59.363621
662.145996	-57.638828
667.529297	-62.494011
672.912598	-69.000687
678.295898	-61.933575
683.679199	-56.561756
689.062500	-55.620998
694.445801	-61.127754
699.829102	-68.039360
705.212402	-66.828026
710.595703	-61.332996
715.979004	-57.534859
721.362305	-61.864914
726.745605	-57.760212
732.128906	-58.332077
737.512207	-60.977947
742.895508	-59.243362
748.278809	-56.920891
753.662109	-62.453915
759.045410	-65.518158
764.428711	-62.872311
769.812012	-60.227909
775.195312	-55.371609
780.578613	-57.480083
785.961914	-58.511353
791.345215	-57.199051
796.728516	-60.869312
802.111816	-62.275215
807.495117	-61.513123
812.878418	-59.745575
818.261719	-57.960922
823.645020	-58.452190
829.028320	-61.220547
834.411621	-58.237682
839.794922	-59.586151
845.178223	-55.788921
850.561523	-55.624184
855.944824	-60.614010
861.328125	-57.409451
866.711426	-55.715900
872.094727	-61.622299
877.478027	-66.732300
882.861328	-64.283463
888.244629	-70.129120
893.627930	-63.798595
899.011230	-59.127254
904.394531	-60.978714
909.777832	-59.151894
915.161133	-54.935982
920.544434	-57.163033
925.927734	-57.744774
931.311035	-58.921581
936.694336	-60.031620
942.077637	-60.832508
947.460938	-64.675903
952.844238	-63.987629
958.227539	-66.053612
963.610840	-65.761406
968.994141	-62.716549
974.377441	-61.325768
979.760742	-57.165798
985.144043	-60.446445
990.527344	-61.672993
995.910645	-59.640259
1001.293945	-58.879196
1006.677246	-62.166084
1012.060547	-59.982914
1017.443848	-64.207512
1022.827148	-68.662064
1028.210449	-66.005493
1033.593750	-66.395203
1038.977051	-60.261013
1044.360352	-59.149757
1049.743652	-61.344410
1055.126953	-59.998810
1060.510254	-57.030701
1065.893555	-59.819496
1071.276855	-62.052563
1076.660156	-65.147522
1082.043457	-65.256706
1087.426758	-61.399193
1092.810059	-61.254765
1098.193359	-59.889099
1103.576660	-61.031902
1108.959961	-65.621078
1114.343262	-65.471359
1119.726562	-60.288673
1125.109863	-59.953922
1130.493164	-60.263447
1135.876465	-57.525753
1141.259766	-66.472816
1146.643066	-59.267036
1152.026367	-59.216343
1157.409668	-69.179665
1162.792969	-65.228508
1168.176270	-60.179939
1173.559570	-61.425442
1178.942871	-58.765739
1184.326172	-57.782845
1189.709473	-58.502037
1195.092773	-57.434898
1200.476074	-56.107655
1205.859375	-59.811424
1211.242676	-64.355278
1216.625977	-66.249313
1222.009277	-67.650658
1227.392578	-65.290405
1232.775879	-63.633884
1238.159180	-63.420593
1243.542480	-64.809799
1248.925781	-67.778000
1254.309082	-67.753868
1259.692383	-59.755196
1265.075684	-61.281776
1270.458984	-60.342106
1275.842285	-60.842670
1281.225586	-65.943085
1286.608887	-70.260353
1291.992188	-66.144318
1297.375488	-67.860901
1302.758789	-63.564640
1308.142090	-63.543541
1313.525391	-65.026581
1318.908691	-64.326256
1324.291992	-69.445679
1329.675293	-64.657272
1335.058594	-60.543449
1340.441895	-64.791649
1345.825195	-67.624802
1351.208496	-64.781113
1356.591797	-61.658928
1361.975098	-64.010094
1367.358398	-67.131943
1372.741699	-65.994316
1378.125000	-59.566261
1383.508301	-58.039001
1388.891602	-62.422466
1394.274902	-60.746754
1399.658203	-58.871704
1405.041504	-62.701302
1410.424805	-63.658398
1415.808105	-60.764194
1421.191406	-64.102753
1426.574707	-66.111015
1431.958008	-64.423218
1437.341309	-62.983986
1442.724609	-63.013069
1448.107910	-60.581779
1453.491211	-64.251694
1458.874512	-58.601063
1464.257812	-58.686356
1469.641113	-60.844860
1475.024414	-63.090797
1480.407715	-59.533840
1485.791016	-63.249222
1491.174316	-58.449165
1496.557617	-57.427414
1501.940918	-61.051815
1507.324219	-59.465374
1512.707520	-60.581177
1518.090820	-51.720863
1523.474121	-51.022194
1528.857422	-52.221794
1534.240723	-53.374199
1539.624023	-55.747105
1545.007324	-56.330879
1550.390625	-59.923759
1555.773926	-55.531963
1561.157227	-61.955723
1566.540527	-58.841377
1571.923828	-64.499878
1577.307129	-55.718742
1582.690430	-56.038361
1588.073730	-57.919373
1593.457031	-56.113731
1598.840332	-55.528164
1604.223633	-52.953598
1609.606934	-55.254452
1614.990234	-58.161129
1620.373535	-53.855671
1625.756836	-55.153683
1631.140137	-68.563179
1636.523438	-66.670181
1641.906738	-62.727047
1647.290039	-67.512207
1652.673340	-60.692307
1658.056641	-64.137550
1663.439941	-58.640244
1668.823242	-63.541832
1674.206543	-61.518101
1679.589844	-60.243275
1684.973145	-56.737495
1690.356445	-56.658352
1695.739746	-56.199104
1701.123047	-55.117859
1706.506348	-48.075729
1711.889648	-46.074028
1717.272949	-53.637730
1722.656250	-52.795654
1728.039551	-54.232769
1733.422852	-57.090000
1738.806152	-53.589958
1744.189453	-55.898758
1749.572754	-58.096191
1754.956055	-51.655071
1760.339355	-51.155502
1765.722656	-62.753922
1771.105957	-61.370270
1776.489258	-59.634712
1781.872559	-59.045082
1787.255859	-57.145786
1792.639160	-53.277809
1798.022461	-46.248028
1803.405762	-53.234867
1808.789062	-59.316021
1814.172363	-57.176407
1819.555664	-58.800037
1824.938965	-61.798164
1830.322266	-58.037128
1835.705566	-57.052155
1841.088867	-65.135399
1846.472168	-58.871037
1851.855469	-51.073532
1857.238770	-53.951813
1862.622070	-52.139801
1868.005371	-56.508698
1873.388672	-49.614151
1878.771973	-45.701591
1884.155273	-49.288330
1889.538574	-54.592251
1894.921875	-59.849457
1900.305176	-57.752499
1905.688477	-64.127045
1911.071777	-62.137764
1916.455078	-58.267712
1921.838379	-57.594765
1927.221680	-60.649632
1932.604980	-56.109287
1937.988281	-57.541454
1943.371582	-59.719852
1948.754883	-56.923676
1954.138184	-53.640305
1959.521484	-50.804718
1964.904785	-49.180389
1970.288086	-54.290966
1975.671387	-61.121418
1981.054688	-60.601162
1986.437988	-64.321022
1991.821289	-60.375500
1997.204590	-58.177963
2002.587891	-52.080292
2007.971191	-51.808952
2013.354492	-51.866405
2018.737793	-52.740742
2024.121094	-57.047291
2029.504395	-62.278519
2034.887695	-59.135151
2040.270996	-58.842991
2045.654297	-54.763092
2051.037598	-47.797359
2056.420898	-52.781738
2061.804199	-59.456993
2067.187500	-55.086403
2072.570801	-53.222221
2077.954102	-55.521618
2083.337402	-55.303715
2088.720703	-55.119438
2094.104004	-57.369549
2099.487305	-56.920177
2104.870605	-56.988789
2110.253906	-55.968922
2115.637207	-59.914650
2121.020508	-59.288765
2126.403809	-54.371971
2131.787109	-57.227875
2137.170410	-53.750313
2142.553711	-50.369740
2147.937012	-50.514069
2153.320312	-52.197681
2158.703613	-48.058338
2164.086914	-44.148666
2169.470215	-49.489006
2174.853516	-48.515049
2180.236816	-48.384533
2185.620117	-45.482254
2191.003418	-51.881649
2196.386719	-61.576088
2201.770020	-59.634354
2207.153320	-53.619713
2212.536621	-46.358521
2217.919922	-45.689972
2223.303223	-55.291740
2228.686523	-51.403961
2234.069824	-54.490707
2239.453125	-60.878620
2244.836426	-47.206917
2250.219727	-45.042023
2255.603027	-50.243343
2260.986328	-51.200874
2266.369629	-54.640755
2271.752930	-53.611767
2277.136230	-48.592293
2282.519531	-50.306942
2287.902832	-51.322678
2293.286133	-55.772186
2298.669434	-52.427792
2304.052734	-53.685768
2309.436035	-49.940170
2314.819336	-43.907181
2320.202637	-41.319988
2325.585938	-45.232445
2330.969238	-48.241199
2336.352539	-46.298790
2341.735840	-46.627979
2347.119141	-48.678856
2352.502441	-45.158302
2357.885742	-53.012032
2363.269043	-56.772079
2368.652344	-52.725899
2374.035645	-57.705605
2379.418945	-55.767860
2384.802246	-54.140621
2390.185547	-57.492500
2395.568848	-55.774635
2400.952148	-56.523052
2406.335449	-55.251507
2411.718750	-56.790329
2417.102051	-52.355328
2422.485352	-56.771069
2427.868652	-56.529564
2433.251953	-50.820782
2438.635254	-48.307266
2444.018555	-50.451363
2449.401855	-50.000542
2454.785156	-41.852448
2460.168457	-40.811943
2465.551758	-44.227776
2470.935059	-43.506184
2476.318359	-43.392113
2481.701660	-45.379112
2487.084961	-48.267227
2492.468262	-51.864487
2497.851562	-55.174850
2503.234863	-56.510208
2508.618164	-49.428413
2514.001465	-48.122215
2519.384766	-49.927795
2524.768066	-48.891586
2530.151367	-51.408463
2535.534668	-57.421059
2540.917969	-52.069962
2546.301270	-56.007866
2551.684570	-51.526604
2557.067871	-55.449547
2562.451172	-64.249130
2567.834473	-57.015068
2573.217773	-53.106525
2578.601074	-52.410717
2583.984375	-54.312069
2589.367676	-58.186275
2594.750977	-49.030403
2600.134277	-59.648842
2605.517578	-52.302406
2610.900879	-51.274693
2616.284180	-50.910900
2621.667480	-51.758018
2627.050781	-52.150639
2632.434082	-55.605099
2637.817383	-51.685585
2643.200684	-50.902027
2648.583984	-54.232685
2653.967285	-55.453949
2659.350586	-53.075008
2664.733887	-59.065735
2670.117188	-61.747700
2675.500488	-51.426025
2680.883789	-48.461182
2686.267090	-53.028511
2691.650391	-56.531960
2697.033691	-55.081913
2702.416992	-52.527550
2707.800293	-52.144867
2713.183594	-54.406757
2718.566895	-53.178211
2723.950195	-52.425011
2729.333496	-53.040123
2734.716797	-54.557743
2740.100098	-54.032215
2745.483398	-50.967049
2750.866699	-47.576832
2756.250000	-45.636074
2761.633301	-42.491299
2767.016602	-42.480194
2772.399902	-45.275650
2777.783203	-46.937485
2783.166504	-51.831501
2788.549805	-51.086903
2793.933105	-53.295803
2799.316406	-71.022270
2804.699707	-52.381882
2810.083008	-48.831860
2815.466309	-49.978512
2820.849609	-48.262779
2826.232910	-47.304676
2831.616211	-47.386208
2836.999512	-50.375397
2842.382812	-53.309971
2847.766113	-50.921886
2853.149414	-48.802250
2858.532715	-49.767948
2863.916016	-47.617123
2869.299316	-46.616360
2874.682617	-49.520157
2880.065918	-49.326107
2885.449219	-47.058136
2890.832520	-46.646172
2896.215820	-44.005466
2901.599121	-38.394131
2906.982422	-37.926125
2912.365723	-37.750061
2917.749023	-39.501728
2923.132324	-36.226257
2928.515625	-36.395710
2933.898926	-40.229214
2939.282227	-39.577023
2944.665527	-41.995804
2950.048828	-41.194679
2955.432129	-38.934330
2960.815430	-37.687092
2966.198730	-37.489586
2971.582031	-41.259159
2976.965332	-42.249939
2982.348633	-40.937145
2987.731934	-39.549801
2993.115234	-44.305889
2998.498535	-48.927162
3003.881836	-44.228233
3009.265137	-42.152554
3014.648438	-40.097759
3020.031738	-40.176868
3025.415039	-43.578121
3030.798340	-35.914692
3036.181641	-36.941223
3041.564941	-37.837143
3046.948242	-38.556580
3052.331543	-41.865631
3057.714844	-43.341473
3063.098145	-43.789894
3068.481445	-46.418312
3073.864746	-47.023666
3079.248047	-48.296543
3084.631348	-48.219891
3090.014648	-49.125225
3095.397949	-48.038815
3100.781250	-47.357460
3106.164551	-49.227283
3111.547852	-51.509510
3116.931152	-52.503368
3122.314453	-52.832714
3127.697754	-53.763916
3133.081055	-53.073505
3138.464355	-48.862705
3143.847656	-51.329853
3149.230957	-45.661751
3154.614258	-43.482189
3159.997559	-46.175339
3165.380859	-40.384621
3170.764160	-35.480820
3176.147461	-37.139835
3181.530762	-41.974113
3186.914062	-38.992840
3192.297363	-35.132500
3197.680664	-40.526283
3203.063965	-46.359203
3208.447266	-47.724281
3213.830566	-47.847961
3219.213867	-58.996052
3224.597168	-49.898338
3229.980469	-51.339626
3235.363770	-55.353668
3240.747070	-52.565834
3246.130371	-49.784737
3251.513672	-46.668308
3256.896973	-46.002987
3262.280273	-43.181412
3267.663574	-45.359898
3273.046875	-46.347988
3278.430176	-52.766251
3283.813477	-49.700077
3289.196777	-55.302418
3294.580078	-49.987625
3299.963379	-45.021751
3305.346680	-44.974632
3310.729980	-44.630459
3316.113281	-44.358089
3321.496582	-45.709965
3326.879883	-45.370392
3332.263184	-37.232662
3337.646484	-31.668291
3343.029785	-31.106756
3348.413086	-30.473730
3353.796387	-30.693909
3359.179688	-33.385841
3364.562988	-37.741425
3369.946289	-47.216148
3375.329590	-41.761520
3380.712891	-36.286587
3386.096191	-36.170490
3391.479492	-41.730640
3396.862793	-33.158508
3402.246094	-34.484699
3407.629395	-38.318470
3413.012695	-42.182362
3418.395996	-43.214371
3423.779297	-42.503113
3429.162598	-45.578293
3434.545898	-42.741219
3439.929199	-40.071510
3445.312500	-47.418213
3450.695801	-50.589161
3456.079102	-42.351788
3461.462402	-41.306984
3466.845703	-39.013092
3472.229004	-36.549335
3477.612305	-38.372940
3482.995605	-39.545807
3488.378906	-43.992207
3493.762207	-54.045937
3499.145508	-50.861511
3504.528809	-44.990608
3509.912109	-43.660049
3515.295410	-39.070568
3520.678711	-36.936211
3526.062012	-39.055866
3531.445312	-43.605072
3536.828613	-45.634258
3542.211914	-49.276665
3547.595215	-49.230556
3552.978516	-49.136986
3558.361816	-44.466572
3563.745117	-45.442230
3569.128418	-43.221092
3574.511719	-47.170574
3579.895020	-48.507580
3585.278320	-48.752110
3590.661621	-42.724602
3596.044922	-40.802418
3601.428223	-39.241932
3606.811523	-37.643593
3612.194824	-38.761921
3617.578125	-38.817669
3622.961426	-37.188774
3628.344727	-35.091324
3633.728027	-35.695457
3639.111328	-37.871521
3644.494629	-45.735332
3649.877930	-43.687080
3655.261230	-41.668545
3660.644531	-47.664734
3666.027832	-46.425228
3671.411133	-48.625992
3676.794434	-42.579716
3682.177734	-42.791763
3687.561035	-40.548168
3692.944336	-45.396015
3698.327637	-55.590412
3703.710938	-50.010418
3709.094238	-50.244610
3714.477539	-45.996433
3719.860840	-42.514435
3725.244141	-42.473660
3730.627441	-42.448425
3736.010742	-39.423157
3741.394043	-36.890450
3746.777344	-39.020557
3752.160645	-47.388256
3757.543945	-34.793015
3762.927246	-36.317699
3768.310547	-41.516987
3773.693848	-41.354919
3779.077148	-44.822250
3784.460449	-50.400112
3789.843750	-47.878716
3795.227051	-50.766193
3800.610352	-46.420540
3805.993652	-44.492474
3811.376953	-48.613003
3816.760254	-45.888386
3822.143555	-43.037380
3827.526855	-47.238750
3832.910156	-42.351223
3838.293457	-35.811409
3843.676758	-31.981537
3849.060059	-35.575539
3854.443359	-38.778706
3859.826660	-41.430820
3865.209961	-40.138054
3870.593262	-41.988678
3875.976562	-40.602821
3881.359863	-39.325096
3886.743164	-35.927063
3892.126465	-38.485970
3897.509766	-40.064583
3902.893066	-38.100174
3908.276367	-38.460876
3913.659668	-38.017624
3919.042969	-32.500336
3924.426270	-35.846966
3929.809570	-37.349770
3935.192871	-41.214981
3940.576172	-42.526611
3945.959473	-38.417980
3951.342773	-38.597687
3956.726074	-42.188320
3962.109375	-42.261703
3967.492676	-46.742466
3972.875977	-42.572453
3978.259277	-43.452538
3983.642578	-49.683964
3989.025879	-46.257999
3994.409180	-46.088848
3999.792480	-56.244778
4005.175781	-59.376862
4010.559082	-50.866646
4015.942383	-50.749428
4021.325684	-45.370804
4026.708984	-46.974884
4032.092285	-51.726536
4037.475586	-53.933311
4042.858887	-51.614689
4048.242188	-57.411434
4053.625488	-55.268330
4059.008789	-46.707458
4064.392090	-49.066704
4069.775391	-44.702568
4075.158691	-52.287956
4080.541992	-36.351860
4085.925293	-35.772774
4091.308594	-39.864067
4096.691895	-46.808979
4102.075195	-47.401966
4107.458496	-49.959679
4112.841797	-58.519932
4118.225098	-51.147949
4123.608398	-52.912922
4128.991699	-56.920437
4134.375000	-54.632904
4139.758301	-56.150627
4145.141602	-44.555592
4150.524902	-46.771408
4155.908203	-48.678516
4161.291504	-48.823277
4166.674805	-51.891518
4172.058105	-52.651810
4177.441406	-55.513897
4182.824707	-50.585899
4188.208008	-46.535889
4193.591309	-45.534634
4198.974609	-47.192787
4204.357910	-49.730728
4209.741211	-47.977634
4215.124512	-52.729996
4220.507812	-52.256260
4225.891113	-50.934624
4231.274414	-55.931538
4236.657715	-52.033264
4242.041016	-58.055618
4247.424316	-49.175972
4252.807617	-47.763687
4258.190918	-59.406944
4263.574219	-45.779057
4268.957520	-41.827061
4274.340820	-43.087315
4279.724121	-47.348682
4285.107422	-42.065990
4290.490723	-38.169464
4295.874023	-40.238483
4301.257324	-38.288673
4306.640625	-35.784939
4312.023926	-35.727215
4317.407227	-42.824265
4322.790527	-41.301659
4328.173828	-42.049320
4333.557129	-47.260250
4338.940430	-47.135048
4344.323730	-42.055084
4349.707031	-41.826393
4355.090332	-45.287842
4360.473633	-50.035297
4365.856934	-45.753307
4371.240234	-47.290596
4376.623535	-51.690468
4382.006836	-50.955833
4387.390137	-42.759552
4392.773438	-44.416950
4398.156738	-43.175018
4403.540039	-42.216389
4408.923340	-42.646175
4414.306641	-45.512493
4419.689941	-43.456326
4425.073242	-45.024147
4430.456543	-44.403679
4435.839844	-43.264072
4441.223145	-38.476677
4446.606445	-38.356255
4451.989746	-38.457729
4457.373047	-38.369049
4462.756348	-39.443016
4468.139648	-38.889267
4473.522949	-38.073006
4478.906250	-49.711967
4484.289551	-38.951294
4489.672852	-36.414024
4495.056152	-35.645447
4500.439453	-36.622421
4505.822754	-42.500881
4511.206055	-49.133327
4516.589355	-48.722977
4521.972656	-46.893600
4527.355957	-47.048332
4532.739258	-45.621357
4538.122559	-44.488239
4543.505859	-44.833649
4548.889160	-48.584656
4554.272461	-45.314739
4559.655762	-45.895893
4565.039062	-43.576515
4570.422363	-46.408215
4575.805664	-48.681488
4581.188965	-53.114590
4586.572266	-59.098763
4591.955566	-62.514080
4597.338867	-54.511002
4602.722168	-47.566467
4608.105469	-49.253979
4613.488770	-47.498241
4618.872070	-45.577030
4624.255371	-47.187565
4629.638672	-53.577999
4635.021973	-50.462975
4640.405273	-54.622032
4645.788574	-55.998447
4651.171875	-48.953968
4656.555176	-48.443867
4661.938477	-53.321819
4667.321777	-52.711781
4672.705078	-49.026119
4678.088379	-47.957130
4683.471680	-44.146873
4688.854980	-43.472862
4694.238281	-43.575394
4699.621582	-44.365005
4705.004883	-41.835846
4710.388184	-45.225353
4715.771484	-40.149239
4721.154785	-35.510777
4726.538086	-37.959114
4731.921387	-41.643536
4737.304688	-38.515251
4742.687988	-35.190689
4748.071289	-36.199703
4753.454590	-39.591171
4758.837891	-40.121857
4764.221191	-43.794777
4769.604492	-51.778767
4774.987793	-50.213242
4780.371094	-49.150528
4785.754395	-43.278366
4791.137695	-41.060169
4796.520996	-41.262348
4801.904297	-45.756031
4807.287598	-47.227512
4812.670898	-43.061245
4818.054199	-43.388817
4823.437500	-49.194786
4828.820801	-45.648346
4834.204102	-43.728874
4839.587402	-34.066422
4844.970703	-36.443016
4850.354004	-44.577557
4855.737305	-48.143795
4861.120605	-47.736675
4866.503906	-47.458679
4871.887207	-46.932472
4877.270508	-46.840996
4882.653809	-49.908295
4888.037109	-50.537113
4893.420410	-49.161041
4898.803711	-49.782066
4904.187012	-50.638386
4909.570312	-50.266747
4914.953613	-46.357185
4920.336914	-44.454433
4925.720215	-44.314999
4931.103516	-43.068184
4936.486816	-40.466152
4941.870117	-40.638496
4947.253418	-46.616402
4952.636719	-41.472149
4958.020020	-47.341492
4963.403320	-38.954086
4968.786621	-44.081657
4974.169922	-50.368221
4979.553223	-48.327782
4984.936523	-40.241306
4990.319824	-44.119438
4995.703125	-46.118668
5001.086426	-46.595020
5006.469727	-49.556789
5011.853027	-51.361813
5017.236328	-48.185516
5022.619629	-47.968872
5028.002930	-48.873943
5033.386230	-46.164761
5038.769531	-43.139576
5044.152832	-45.612278
5049.536133	-42.959209
5054.919434	-42.102070
5060.302734	-44.524239
5065.686035	-43.156151
5071.069336	-38.997093
5076.452637	-39.606010
5081.835938	-40.037262
5087.219238	-36.277328
5092.602539	-39.273003
5097.985840	-45.535538
5103.369141	-49.776936
5108.752441	-45.603092
5114.135742	-46.126884
5119.519043	-59.062557
5124.902344	-53.000416
5130.285645	-49.509270
5135.668945	-45.928246
5141.052246	-49.821629
5146.435547	-53.436573
5151.818848	-49.008812
5157.202148	-41.985302
5162.585449	-42.630890
5167.968750	-45.195980
5173.352051	-48.313454
5178.735352	-47.782959
5184.118652	-45.727791
5189.501953	-46.689426
5194.885254	-43.283989
5200.268555	-39.687450
5205.651855	-37.469902
5211.035156	-38.862885
5216.418457	-38.746689
5221.801758	-44.370811
5227.185059	-42.873375
5232.568359	-36.336021
5237.951660	-34.605705
5243.334961	-44.693642
5248.718262	-45.482918
5254.101562	-56.605888
5259.484863	-48.207169
5264.868164	-44.231949
5270.251465	-43.647385
5275.634766	-45.646420
5281.018066	-51.304928
5286.401367	-41.371601
5291.784668	-46.161110
5297.167969	-49.807720
5302.551270	-49.044601
5307.934570	-47.629356
5313.317871	-47.271996
5318.701172	-46.557995
5324.084473	-43.478031
5329.467773	-45.262676
5334.851074	-39.912617
5340.234375	-47.096893
5345.617676	-38.203072
5351.000977	-36.707180
5356.384277	-37.912247
5361.767578	-44.676392
5367.150879	-38.822948
5372.534180	-39.024944
5377.917480	-38.312496
5383.300781	-37.298653
5388.684082	-39.292805
5394.067383	-34.347836
5399.450684	-35.618988
5404.833984	-35.992348
5410.217285	-38.440289
5415.600586	-38.999676
5420.983887	-36.579849
5426.367188	-39.936737
5431.750488	-45.434967
5437.133789	-47.870857
5442.517090	-44.799892
5447.900391	-44.839828
5453.283691	-44.488739
5458.666992	-43.396118
5464.050293	-51.727718
5469.433594	-50.120922
5474.816895	-44.186302
5480.200195	-49.203892
5485.583496	-44.370987
5490.966797	-46.895950
5496.350098	-46.056725
5501.733398	-42.759979
5507.116699	-42.914379
5512.500000	-42.745018
5517.883301	-40.043152
5523.266602	-43.849941
5528.649902	-44.881069
5534.033203	-45.911572
5539.416504	-41.984211
5544.799805	-38.118828
5550.183105	-37.986282
5555.566406	-43.963104
5560.949707	-47.513294
5566.333008	-38.613914
5571.716309	-37.787079
5577.099609	-39.093338
5582.482910	-38.316460
5587.866211	-39.348534
5593.249512	-45.795563
5598.632812	-44.471432
5604.016113	-43.522232
5609.399414	-40.685097
5614.782715	-43.374252
5620.166016	-43.517746
5625.549316	-45.459377
5630.932617	-46.577904
5636.315918	-45.350933
5641.699219	-46.379139
5647.082520	-50.895218
5652.465820	-52.281036
5657.849121	-54.864830
5663.232422	-47.650536
5668.615723	-47.897999
5673.999023	-43.893227
5679.382324	-43.330135
5684.765625	-44.543961
5690.148926	-46.428772
5695.532227	-45.772186
5700.915527	-53.783489
5706.298828	-54.627804
5711.682129	-56.752632
5717.065430	-46.669617
5722.448730	-45.336708
5727.832031	-42.475811
5733.215332	-42.083252
5738.598633	-45.058170
5743.981934	-42.130337
5749.365234	-41.387466
5754.748535	-50.739872
5760.131836	-49.379604
5765.515137	-44.217506
5770.898438	-43.534855
5776.281738	-44.477489
5781.665039	-54.360500
5787.048340	-44.572849
5792.431641	-47.617119
5797.814941	-48.285309
5803.198242	-45.948956
5808.581543	-53.579937
5813.964844	-41.555645
5819.348145	-41.676800
5824.731445	-43.278893
5830.114746	-36.989288
5835.498047	-35.373672
5840.881348	-37.616619
5846.264648	-35.267048
5851.647949	-32.744236
5857.031250	-36.405712
5862.414551	-36.692268
5867.797852	-37.298531
5873.181152	-45.262291
5878.564453	-41.363342
5883.947754	-40.471565
5889.331055	-42.344681
5894.714355	-42.301991
5900.097656	-44.233204
5905.480957	-40.796783
5910.864258	-42.508915
5916.247559	-40.336834
5921.630859	-37.336205
5927.014160	-36.681881
5932.397461	-40.052525
5937.780762	-38.096554
5943.164062	-43.886799
5948.547363	-47.458614
5953.930664	-48.148762
5959.313965	-47.265804
5964.697266	-44.403503
5970.080566	-43.426308
5975.463867	-44.194439
5980.847168	-44.611134
5986.230469	-45.677502
5991.613770	-45.642681
5996.997070	-48.270298
6002.380371	-55.102268
6007.763672	-51.028683
6013.146973	-47.570305
6018.530273	-45.158760
6023.913574	-48.005615
6029.296875	-44.043449
6034.680176	-40.768291
6040.063477	-44.717773
6045.446777	-40.799160
6050.830078	-45.607704
6056.213379	-50.574844
6061.596680	-48.416134
6066.979980	-45.646969
6072.363281	-41.149529
6077.746582	-47.630966
6083.129883	-43.703407
6088.513184	-45.519543
6093.896484	-53.140594
6099.279785	-50.132744
6104.663086	-56.061539
6110.046387	-53.457497
6115.429688	-46.530094
6120.812988	-47.705002
6126.196289	-45.033699
6131.579590	-43.177769
6136.962891	-48.721107
6142.346191	-51.229969
6147.729492	-56.979847
6153.112793	-48.911644
6158.496094	-47.087029
6163.879395	-49.611912
6169.262695	-48.800621
6174.645996	-60.651855
6180.029297	-47.947620
6185.412598	-50.630157
6190.795898	-54.368439
6196.179199	-45.154129
6201.562500	-43.900799
6206.945801	-45.858284
6212.329102	-54.280945
6217.712402	-53.387165
6223.095703	-45.488400
6228.479004	-40.962177
6233.862305	-38.757309
6239.245605	-40.763947
6244.628906	-43.204491
6250.012207	-50.240494
6255.395508	-51.692032
6260.778809	-44.504845
6266.162109	-43.784443
6271.545410	-47.387215
6276.928711	-43.981762
6282.312012	-43.280140
6287.695312	-52.134178
6293.078613	-50.705795
6298.461914	-46.047714
6303.845215	-47.286755
6309.228516	-49.225254
6314.611816	-51.418301
6319.995117	-52.193169
6325.378418	-55.289715
6330.761719	-51.992508
6336.145020	-47.362808
6341.528320	-46.717834
6346.911621	-52.672222
6352.294922	-51.673664
6357.678223	-54.068821
6363.061523	-46.870766
6368.444824	-46.577084
6373.828125	-52.577900
6379.211426	-51.720154
6384.594727	-45.071072
6389.978027	-43.205254
6395.361328	-47.081192
6400.744629	-50.549942
6406.127930	-40.273144
6411.511230	-42.112892
6416.894531	-44.114471
6422.277832	-43.471970
6427.661133	-43.213505
6433.044434	-44.358871
6438.427734	-38.339111
6443.811035	-39.975903
6449.194336	-48.762222
6454.577637	-48.398102
6459.960938	-47.070938
6465.344238	-53.067963
6470.727539	-46.568165
6476.110840	-46.455029
6481.494141	-46.403210
6486.877441	-46.157143
6492.260742	-50.140305
6497.644043	-54.413334
6503.027344	-54.305210
6508.410645	-48.604645
6513.793945	-49.857365
6519.177246	-50.883514
6524.560547	-57.869568
6529.943848	-54.103378
6535.327148	-50.347633
6540.710449	-47.540607
6546.093750	-49.136356
6551.477051	-44.181240
6556.860352	-44.907303
6562.243652	-42.526321
6567.626953	-43.657768
6573.010254	-45.974285
6578.393555	-42.402172
6583.776855	-41.652054
6589.160156	-43.786289
6594.543457	-42.422703
6599.926758	-44.130112
6605.310059	-50.655758
6610.693359	-51.105419
6616.076660	-46.322575
6621.459961	-42.600063
6626.843262	-40.215355
6632.226562	-39.845757
6637.609863	-41.739510
6642.993164	-42.704590
6648.376465	-42.354969
6653.759766	-43.955555
6659.143066	-43.209827
6664.526367	-48.475857
6669.909668	-51.877720
6675.292969	-49.066402
6680.676270	-51.540207
6686.059570	-48.110363
6691.442871	-46.863094
6696.826172	-44.232193
6702.209473	-44.471455
6707.592773	-52.555405
6712.976074	-51.678082
6718.359375	-51.855412
6723.742676	-52.548359
6729.125977	-52.557564
6734.509277	-54.912979
6739.892578	-50.555305
6745.275879	-42.420181
6750.659180	-50.206432
6756.042480	-43.306839
6761.425781	-43.763931
6766.809082	-38.338093
6772.192383	-39.992584
6777.575684	-38.755890
6782.958984	-40.635490
6788.342285	-46.072666
6793.725586	-47.658524
6799.108887	-55.023098
6804.492188	-48.738712
6809.875488	-49.717842
6815.258789	-57.958935
6820.642090	-53.615273
6826.025391	-49.100273
6831.408691	-49.961933
6836.791992	-49.295033
6842.175293	-49.914577
6847.558594	-53.495052
6852.941895	-46.527763
6858.325195	-47.933025
6863.708496	-45.520210
6869.091797	-52.848942
6874.475098	-43.578163
6879.858398	-41.258831
6885.241699	-37.053249
6890.625000	-40.850300
6896.008301	-40.303078
6901.391602	-39.230286
6906.774902	-36.379707
6912.158203	-39.025963
6917.541504	-40.767227
6922.924805	-48.581242
6928.308105	-44.490543
6933.691406	-45.209888
6939.074707	-43.437222
6944.458008	-41.195713
6949.841309	-40.956249
6955.224609	-44.706806
6960.607910	-46.734303
6965.991211	-43.540878
6971.374512	-46.377666
6976.757812	-49.023067
6982.141113	-45.063282
6987.524414	-45.713890
6992.907715	-47.353603
6998.291016	-50.021935
7003.674316	-51.069355
7009.057617	-50.164364
7014.440918	-45.444492
7019.824219	-45.167690
7025.207520	-59.834450
7030.590820	-51.041138
7035.974121	-50.259972
7041.357422	-47.961674
7046.740723	-48.270821
7052.124023	-48.976189
7057.507324	-54.143890
7062.890625	-56.345402
7068.273926	-45.433098
7073.657227	-44.818897
7079.040527	-47.189964
7084.423828	-47.374084
7089.807129	-50.188454
7095.190430	-48.733910
7100.573730	-47.745934
7105.957031	-43.581783
7111.340332	-44.594700
7116.723633	-47.729904
7122.106934	-47.441048
7127.490234	-47.908188
7132.873535	-46.818752
7138.256836	-47.483910
7143.640137	-49.037827
7149.023438	-46.015514
7154.406738	-45.183014
7159.790039	-49.309441
7165.173340	-49.964611
7170.556641	-48.069477
7175.939941	-46.544170
7181.323242	-46.822041
7186.706543	-46.949242
7192.089844	-47.950714
7197.473145	-51.221085
7202.856445	-59.758919
7208.239746	-51.791679
7213.623047	-49.796738
7219.006348	-51.578323
7224.389648	-54.755070
7229.772949	-45.968651
7235.156250	-43.872902
7240.539551	-47.832035
7245.922852	-54.976624
7251.306152	-48.714317
7256.689453	-50.365616
7262.072754	-53.128475
7267.456055	-50.899948
7272.839355	-50.020573
7278.222656	-51.257988
7283.605957	-49.112518
7288.989258	-49.187347
7294.372559	-49.008942
7299.755859	-47.937531
7305.139160	-49.098804
7310.522461	-49.557926
7315.905762	-49.882626
7321.289062	-53.267292
7326.672363	-48.924316
7332.055664	-46.813427
7337.438965	-45.541725
7342.822266	-42.513451
7348.205566	-41.676384
7353.588867	-50.875572
7358.972168	-50.904293
7364.355469	-51.545765
7369.738770	-53.235958
7375.122070	-47.514164
7380.505371	-50.322075
7385.888672	-55.217144
7391.271973	-49.715546
7396.655273	-46.877186
7402.038574	-47.219906
7407.421875	-52.634514
7412.805176	-50.396709
7418.188477	-44.035702
7423.571777	-41.652309
7428.955078	-40.829868
7434.338379	-44.406296
7439.721680	-39.927013
7445.104980	-36.889919
7450.488281	-39.096706
7455.871582	-42.545269
7461.254883	-46.416241
7466.638184	-43.381550
7472.021484	-45.471478
7477.404785	-44.629478
7482.788086	-49.403530
7488.171387	-45.173798
7493.554688	-44.076538
7498.937988	-52.288696
7504.321289	-47.759132
7509.704590	-46.763420
7515.087891	-47.325428
7520.471191	-51.834888
7525.854492	-50.558830
7531.237793	-51.311615
7536.621094	-50.024681
7542.004395	-48.712585
7547.387695	-50.307472
7552.770996	-48.678028
7558.154297	-47.617138
7563.537598	-51.199886
7568.920898	-49.276485
7574.304199	-54.011803
7579.687500	-50.656082
7585.070801	-48.052135
7590.454102	-51.693230
7595.837402	-56.401894
7601.220703	-56.704662
7606.604004	-53.823772
7611.987305	-52.841717
7617.370605	-54.583778
7622.753906	-53.660770
7628.137207	-53.028973
7633.520508	-50.158367
7638.903809	-59.676254
7644.287109	-52.289761
7649.670410	-50.077232
7655.053711	-52.923508
7660.437012	-56.854610
7665.820312	-51.332260
7671.203613	-52.388451
7676.586914	-55.866776
7681.970215	-49.660194
7687.353516	-60.757664
7692.736816	-50.366512
7698.120117	-49.313328
7703.503418	-47.315788
7708.886719	-46.548950
7714.270020	-47.680031
7719.653320	-45.415020
7725.036621	-41.800476
7730.419922	-43.551060
7735.803223	-45.530476
7741.186523	-43.980934
7746.569824	-46.252842
7751.953125	-47.819508
7757.336426	-50.563751
7762.719727	-53.594494
7768.103027	-49.716534
7773.486328	-46.122211
7778.869629	-47.471363
7784.252930	-49.362946
7789.636230	-49.345596
7795.019531	-56.725983
7800.402832	-53.050346
7805.786133	-47.364014
7811.169434	-49.325256
7816.552734	-51.467300
7821.936035	-48.015259
7827.319336	-49.477230
7832.702637	-51.743889
7838.085938	-52.424438
7843.469238	-47.163723
7848.852539	-46.440636
7854.235840	-50.155254
7859.619141	-52.175674
7865.002441	-54.896084
7870.385742	-51.466290
7875.769043	-52.532341
7881.152344	-54.208923
7886.535645	-52.707333
7891.918945	-51.875946
7897.302246	-49.019661
7902.685547	-50.987804
7908.068848	-50.874813
7913.452148	-44.455402
7918.835449	-45.364784
7924.218750	-49.922363
7929.602051	-49.266140
7934.985352	-45.614117
7940.368652	-45.918308
7945.751953	-49.117527
7951.135254	-44.159069
7956.518555	-38.691326
7961.901855	-42.349308
7967.285156	-40.429398
7972.668457	-40.780598
7978.051758	-45.282005
7983.435059	-49.366989
7988.818359	-47.535286
7994.201660	-44.318192
7999.584961	-51.808006
8004.968262	-55.130840
8010.351562	-50.253365
8015.734863	-51.810619
8021.118164	-53.853668
8026.501465	-52.260609
8031.884766	-55.876110
8037.268066	-49.398613
8042.651367	-51.589878
8048.034668	-57.613258
8053.417969	-51.433819
8058.801270	-49.747429
8064.184570	-49.896038
8069.567871	-55.989815
8074.951172	-54.305534
8080.334473	-58.317123
8085.717773	-57.147503
8091.101074	-52.882820
8096.484375	-50.105076
8101.867676	-55.603153
8107.250977	-53.180012
8112.634277	-54.724442
8118.017578	-49.993431
8123.400879	-47.200737
8128.784180	-53.489017
8134.167480	-49.233231
8139.550781	-49.035744
8144.934082	-51.801270
8150.317383	-51.420963
8155.700684	-50.706371
8161.083984	-53.159832
8166.467285	-54.713593
8171.850586	-54.283131
8177.233887	-52.019146
8182.617188	-50.164402
8188.000488	-57.310040
8193.383789	-61.579628
8198.767090	-61.466770
8204.150391	-60.891144
8209.533691	-60.830509
8214.916992	-58.274818
8220.300293	-53.373287
8225.683594	-54.243336
8231.066895	-53.526711
8236.450195	-49.886261
8241.833496	-51.481258
8247.216797	-48.481468
8252.600098	-45.512306
8257.983398	-46.208298
8263.366699	-46.676907
8268.750000	-46.743202
8274.133301	-46.433929
8279.516602	-54.635002
8284.899902	-51.277317
8290.283203	-51.233986
8295.666504	-53.378227
8301.049805	-53.098488
8306.433105	-55.985199
8311.816406	-50.300762
8317.199707	-52.253704
8322.583008	-52.488735
8327.966309	-51.531605
8333.349609	-50.879036
8338.732910	-44.432163
8344.116211	-45.079990
8349.499512	-50.709873
8354.882812	-50.681385
8360.266113	-45.907063
8365.649414	-48.682732
8371.032715	-56.478714
8376.416016	-47.784683
8381.799316	-45.391151
8387.182617	-45.645390
8392.565918	-45.070644
8397.949219	-45.693085
8403.332520	-41.966660
8408.715820	-42.376907
8414.099121	-46.696747
8419.482422	-49.073494
8424.865723	-47.563335
8430.249023	-50.593433
8435.632324	-50.344490
8441.015625	-52.625782
8446.398926	-56.196613
8451.782227	-63.698620
8457.165527	-54.767498
8462.548828	-53.827343
8467.932129	-56.288589
8473.315430	-58.704067
8478.698730	-66.535820
8484.082031	-59.223679
8489.465332	-61.266666
8494.848633	-60.543320
8500.231934	-57.881210
8505.615234	-54.149536
8510.998535	-51.880459
8516.381836	-51.361061
8521.765137	-51.092979
8527.148438	-50.434761
8532.531738	-52.755592
8537.915039	-52.127964
8543.298340	-52.331207
8548.681641	-53.214748
8554.064941	-48.055614
8559.448242	-48.922188
8564.831543	-45.656895
8570.214844	-46.077450
8575.598145	-48.055019
8580.981445	-53.551304
8586.364746	-47.378872
8591.748047	-51.505531
8597.131348	-51.723343
8602.514648	-54.686512
8607.897949	-62.622486
8613.281250	-53.661926
8618.664551	-54.124676
8624.047852	-56.138199
8629.431152	-55.959599
8634.814453	-58.059513
8640.197754	-51.660896
8645.581055	-53.591190
8650.964355	-56.736309
8656.347656	-50.622402
8661.730957	-49.898746
8667.114258	-50.394978
8672.497559	-58.052238
8677.880859	-50.256699
8683.264160	-55.979343
8688.647461	-49.541920
8694.030762	-45.095802
8699.414062	-49.399624
8704.797363	-50.261158
8710.180664	-53.173286
8715.563965	-56.204693
8720.947266	-53.979633
8726.330566	-54.055180
8731.713867	-51.791439
8737.097168	-48.677055
8742.480469	-46.063004
8747.863770	-47.709770
8753.247070	-50.069920
8758.630371	-50.044952
8764.013672	-52.501972
8769.396973	-49.356861
8774.780273	-52.065563
8780.163574	-48.546223
8785.546875	-48.173302
8790.930176	-50.002213
8796.313477	-55.768391
8801.696777	-52.232468
8807.080078	-50.706779
8812.463379	-56.133926
8817.846680	-53.516754
8823.229980	-52.416618
8828.613281	-53.955620
8833.996582	-53.264874
8839.379883	-55.151211
8844.763184	-56.479881
8850.146484	-55.331120
8855.529785	-53.652489
8860.913086	-57.583027
8866.296387	-56.426781
8871.679688	-56.821751
8877.062988	-50.735573
8882.446289	-52.631706
8887.829590	-56.241879
8893.212891	-56.503891
8898.596191	-55.421234
8903.979492	-52.598862
8909.362793	-48.666695
8914.746094	-55.267948
8920.129395	-50.330296
8925.512695	-48.119640
8930.895996	-46.439529
8936.279297	-47.835419
8941.662598	-45.225655
8947.045898	-51.080818
8952.429199	-48.460217
8957.812500	-54.917435
8963.195801	-65.003937
8968.579102	-58.258987
8973.962402	-56.706303
8979.345703	-51.718849
8984.729004	-48.572598
8990.112305	-53.580471
8995.495605	-55.571301
9000.878906	-56.774231
9006.262207	-52.043213
9011.645508	-52.593052
9017.028809	-56.556969
9022.412109	-57.466808
9027.795410	-53.112572
9033.178711	-52.620953
9038.562012	-48.076893
9043.945312	-46.623680
9049.328613	-58.515869
9054.711914	-52.176586
9060.095215	-54.824558
9065.478516	-48.915932
9070.861816	-52.328899
9076.245117	-44.659241
9081.628418	-46.223957
9087.011719	-52.754505
9092.395020	-55.592251
9097.778320	-55.931015
9103.161621	-58.086655
9108.544922	-54.008858
9113.928223	-51.672508
9119.311523	-50.887001
9124.694824	-50.279526
9130.078125	-51.881985
9135.461426	-51.913658
9140.844727	-52.050018
9146.228027	-51.508209
9151.611328	-49.381794
9156.994629	-48.465851
9162.377930	-50.517189
9167.761230	-50.545582
9173.144531	-47.969994
9178.527832	-49.621704
9183.911133	-52.377098
9189.294434	-56.156498
9194.677734	-48.138222
9200.061035	-49.134365
9205.444336	-56.124405
9210.827637	-49.341362
9216.210938	-52.513233
9221.594238	-47.813099
9226.977539	-52.610043
9232.360840	-47.735920
9237.744141	-46.012802
9243.127441	-44.494869
9248.510742	-44.191631
9253.894043	-49.447304
9259.277344	-45.930367
9264.660645	-46.417702
9270.043945	-61.450508
9275.427246	-54.829803
9280.810547	-57.782928
9286.193848	-54.432224
9291.577148	-52.304501
9296.960449	-51.172783
9302.343750	-49.753956
9307.727051	-54.912876
9313.110352	-55.097675
9318.493652	-52.425858
9323.876953	-52.031410
9329.260254	-50.034981
9334.643555	-49.083843
9340.026855	-52.444756
9345.410156	-56.144585
9350.793457	-54.844753
9356.176758	-56.682384
9361.560059	-59.076916
9366.943359	-51.362843
9372.326660	-61.444958
9377.709961	-58.027744
9383.093262	-55.943817
9388.476562	-53.700726
9393.859863	-53.307892
9399.243164	-50.747017
9404.626465	-48.933628
9410.009766	-51.796688
9415.393066	-53.593681
9420.776367	-50.657116
9426.159668	-52.409615
9431.542969	-51.270313
9436.926270	-49.376122
9442.309570	-50.413902
9447.692871	-52.509312
9453.076172	-54.403706
9458.459473	-59.928146
9463.842773	-59.447121
9469.226074	-51.825047
9474.609375	-50.132244
9479.992676	-49.822029
9485.375977	-47.796371
9490.759277	-52.976841
9496.142578	-53.032398
9501.525879	-55.041130
9506.909180	-49.170895
9512.292480	-55.673443
9517.675781	-53.338219
9523.059082	-50.287903
9528.442383	-46.546955
9533.825684	-56.057678
9539.208984	-52.183464
9544.592285	-50.599041
9549.975586	-50.255150
9555.358887	-53.423256
9560.742188	-53.454956
9566.125488	-58.351799
9571.508789	-53.754459
9576.892090	-58.937431
9582.275391	-54.028656
9587.658691	-61.756096
9593.041992	-54.610863
9598.425293	-58.755627
9603.808594	-57.009956
9609.191895	-53.351475
9614.575195	-53.271938
9619.958496	-51.372677
9625.341797	-51.926270
9630.725098	-47.775173
9636.108398	-50.490707
9641.491699	-57.222363
9646.875000	-52.390148
9652.258301	-58.740673
9657.641602	-54.265942
9663.024902	-52.833553
9668.408203	-56.295910
9673.791504	-58.950214
9679.174805	-61.608608
9684.558105	-58.939537
9689.941406	-54.978050
9695.324707	-60.191494
9700.708008	-57.498253
9706.091309	-60.373531
9711.474609	-61.233421
9716.857910	-54.589455
9722.241211	-52.363144
9727.624512	-55.632412
9733.007812	-54.849419
9738.391113	-53.653156
9743.774414	-61.444214
9749.157715	-58.110340
9754.541016	-57.445808
9759.924316	-55.498512
9765.307617	-54.361897
9770.690918	-55.293427
9776.074219	-53.360596
9781.457520	-54.002560
9786.840820	-63.108540
9792.224121	-56.801071
9797.607422	-55.219883
9802.990723	-55.456894
9808.374023	-54.077763
9813.757324	-54.081749
9819.140625	-61.015247
9824.523926	-56.558842
9829.907227	-59.769779
9835.290527	-63.595238
9840.673828	-59.841553
9846.057129	-54.648357
9851.440430	-53.803463
9856.823730	-56.113384
9862.207031	-64.912697
9867.590332	-57.934292
9872.973633	-51.093334
9878.356934	-52.970829
9883.740234	-53.701885
9889.123535	-58.652359
9894.506836	-64.153770
9899.890137	-57.181824
9905.273438	-54.598881
9910.656738	-59.622849
9916.040039	-49.028603
9921.423340	-49.625469
9926.806641	-53.488094
9932.189941	-55.639233
9937.573242	-52.824753
9942.956543	-51.059101
9948.339844	-49.509930
9953.723145	-53.602070
9959.106445	-51.356689
9964.489746	-49.956345
9969.873047	-54.805511
9975.256348	-55.870483
9980.639648	-57.336391
9986.022949	-56.186600
9991.406250	-54.275452
9996.789551	-50.626583
10002.172852	-53.901917
10007.556152	-52.186375
10012.939453	-51.530521
10018.322754	-51.169323
10023.706055	-67.803261
10029.089355	-50.905376
10034.472656	-49.018829
10039.855957	-49.300415
10045.239258	-47.926590
10050.622559	-49.836704
10056.005859	-51.805164
10061.389160	-51.813614
10066.772461	-53.965446
10072.155762	-59.287224
10077.539062	-51.055458
10082.922363	-52.062710
10088.305664	-61.762177
10093.688965	-55.209854
10099.072266	-52.288284
10104.455566	-51.952831
10109.838867	-51.666531
10115.222168	-54.463348
10120.605469	-59.529343
10125.988770	-58.447578
10131.372070	-55.541569
10136.755371	-56.781971
10142.138672	-57.326717
10147.521973	-60.986473
10152.905273	-55.405827
10158.288574	-58.563652
10163.671875	-56.039551
10169.055176	-55.405354
10174.438477	-57.673180
10179.821777	-62.859344
10185.205078	-56.810493
10190.588379	-54.918266
10195.971680	-53.832890
10201.354980	-55.195030
10206.738281	-62.390694
10212.121582	-58.024399
10217.504883	-54.504116
10222.888184	-57.772034
10228.271484	-58.532299
10233.654785	-57.146553
10239.038086	-54.994202
10244.421387	-59.317944
10249.804688	-55.632542
10255.187988	-61.540768
10260.571289	-60.047188
10265.954590	-56.747700
10271.337891	-62.758205
10276.721191	-63.770599
10282.104492	-61.873142
10287.487793	-62.604275
10292.871094	-59.333004
10298.254395	-56.899025
10303.637695	-54.009953
10309.020996	-56.610737
10314.404297	-51.420628
10319.787598	-50.738579
10325.170898	-52.911903
10330.554199	-53.403107
10335.937500	-55.670826
10341.320801	-61.950180
10346.704102	-56.452774
10352.087402	-58.240974
10357.470703	-65.182999
10362.854004	-58.562115
10368.237305	-62.929348
10373.620605	-56.703568
10379.003906	-53.980450
10384.387207	-52.389645
10389.770508	-55.067509
10395.153809	-57.676781
10400.537109	-63.202347
10405.920410	-56.865993
10411.303711	-59.306568
10416.687012	-62.588589
10422.070312	-62.538757
10427.453613	-56.971485
10432.836914	-52.984436
10438.220215	-53.954060
10443.603516	-58.169365
10448.986816	-56.842022
10454.370117	-59.499729
10459.753418	-60.257881
10465.136719	-53.772362
10470.520020	-57.908424
10475.903320	-60.144547
10481.286621	-57.654514
10486.669922	-55.707924
10492.053223	-50.958004
10497.436523	-51.576809
10502.819824	-57.956268
10508.203125	-55.842434
10513.586426	-60.523109
10518.969727	-54.983383
10524.353027	-53.958561
10529.736328	-55.007347
10535.119629	-57.580959
10540.502930	-58.860706
10545.886230	-59.950687
10551.269531	-57.408482
10556.652832	-55.500069
10562.036133	-58.338146
10567.419434	-57.300709
10572.802734	-54.321575
10578.186035	-53.789093
10583.569336	-56.935947
10588.952637	-54.385998
10594.335938	-52.086525
10599.719238	-61.017845
10605.102539	-52.858070
10610.485840	-51.705513
10615.869141	-52.430187
10621.252441	-54.139763
10626.635742	-58.906178
10632.019043	-50.509590
10637.402344	-60.701015
10642.785645	-57.887295
10648.168945	-59.213348
10653.552246	-66.463425
10658.935547	-55.870594
10664.318848	-55.406059
10669.702148	-56.351681
10675.085449	-59.588383
10680.468750	-56.845066
10685.852051	-61.638199
10691.235352	-57.248631
10696.618652	-54.726238
10702.001953	-56.231628
10707.385254	-56.085548
10712.768555	-55.145039
10718.151855	-57.982243
10723.535156	-51.266418
10728.918457	-51.862534
10734.301758	-55.909718
10739.685059	-55.705437
10745.068359	-58.043591
10750.451660	-58.532089
10755.834961	-53.180981
10761.218262	-50.651722
10766.601562	-52.422829
10771.984863	-58.638237
10777.368164	-54.778946
10782.751465	-54.497543
10788.134766	-59.942657
10793.518066	-58.693871
10798.901367	-59.561718
10804.284668	-54.295567
10809.667969	-51.311680
10815.051270	-52.957294
10820.434570	-49.192192
10825.817871	-48.052738
10831.201172	-53.930267
10836.584473	-53.486023
10841.967773	-58.723114
10847.351074	-54.440071
10852.734375	-58.568256
10858.117676	-53.732002
10863.500977	-54.981911
10868.884277	-57.381439
10874.267578	-52.997963
10879.650879	-54.607483
10885.034180	-57.364445
10890.417480	-53.327835
10895.800781	-55.987602
10901.184082	-67.999199
10906.567383	-56.374062
10911.950684	-57.027794
10917.333984	-54.517601
10922.717285	-58.612850
10928.100586	-55.167637
10933.483887	-50.715096
10938.867188	-57.764858
10944.250488	-52.162281
10949.633789	-58.198948
10955.017090	-54.778561
10960.400391	-63.766899
10965.783691	-60.700455
10971.166992	-56.831890
10976.550293	-53.876999
10981.933594	-58.815517
10987.316895	-49.267876
10992.700195	-47.008835
10998.083496	-53.942703
11003.466797	-54.643833
11008.850098	-54.570175
11014.233398	-52.654873
11019.616699	-55.003113
11025.000000	-54.720062
11030.383301	-56.782253
11035.766602	-70.603966
11041.149902	-54.835670
11046.533203	-55.209873
11051.916504	-59.908653
11057.299805	-65.435944
11062.683105	-59.529072
11068.066406	-59.294640
11073.449707	-57.412624
11078.833008	-56.836082
11084.216309	-63.371811
11089.599609	-61.474651
11094.982910	-60.476631
11100.366211	-57.864590
11105.749512	-58.741070
11111.132812	-58.393475
11116.516113	-56.948673
11121.899414	-54.251278
11127.282715	-51.271103
11132.666016	-54.774418
11138.049316	-61.432465
11143.432617	-61.526947
11148.815918	-57.209419
11154.199219	-57.929882
11159.582520	-69.219521
11164.965820	-58.008213
11170.349121	-55.961262
11175.732422	-59.771339
11181.115723	-63.497135
11186.499023	-61.638363
11191.882324	-58.196999
11197.265625	-60.557526
11202.648926	-59.775974
11208.032227	-58.773544
11213.415527	-60.045284
11218.798828	-57.478821
11224.182129	-52.777142
11229.565430	-51.124790
11234.948730	-57.346966
11240.332031	-52.176952
11245.715332	-52.818237
11251.098633	-53.010242
11256.481934	-53.368095
11261.865234	-56.625813
11267.248535	-54.901409
11272.631836	-58.154892
11278.015137	-53.342751
11283.398438	-59.390728
11288.781738	-59.412205
11294.165039	-55.918919
11299.548340	-60.965103
11304.931641	-54.993843
11310.314941	-56.153358
11315.698242	-54.595745
11321.081543	-56.468166
11326.464844	-53.433464
11331.848145	-55.615013
11337.231445	-56.865044
11342.614746	-57.806435
11347.998047	-56.653389
11353.381348	-55.326611
11358.764648	-53.825443
11364.147949	-65.733505
11369.531250	-53.792168
11374.914551	-52.185555
11380.297852	-52.699371
11385.681152	-59.134338
11391.064453	-59.370991
11396.447754	-60.398308
11401.831055	-55.104122
11407.214355	-56.541714
11412.597656	-58.999275
11417.980957	-61.330112
11423.364258	-55.896870
11428.747559	-60.293713
11434.130859	-63.268734
11439.514160	-59.937298
11444.897461	-61.932346
11450.280762	-63.372612
11455.664062	-66.218964
11461.047363	-57.503475
11466.430664	-55.082928
11471.813965	-54.620163
11477.197266	-55.995045
11482.580566	-54.912544
11487.963867	-55.876213
11493.347168	-62.181976
11498.730469	-54.856110
11504.113770	-52.068840
11509.497070	-56.636715
11514.880371	-55.117565
11520.263672	-53.472923
11525.646973	-53.371250
11531.030273	-56.562992
11536.413574	-62.863441
11541.796875	-61.903915
11547.180176	-57.680920
11552.563477	-58.088612
11557.946777	-58.499054
11563.330078	-53.031876
11568.713379	-57.214920
11574.096680	-58.921482
11579.479980	-55.683445
11584.863281	-54.751427
11590.246582	-62.399342
11595.629883	-65.773529
11601.013184	-60.837936
11606.396484	-55.639874
11611.779785	-56.518162
11617.163086	-61.904846
11622.546387	-56.433556
11627.929688	-60.480869
11633.312988	-58.051205
11638.696289	-58.718460
11644.079590	-59.573925
11649.462891	-58.594070
11654.846191	-60.535942
11660.229492	-62.901680
11665.612793	-60.936420
11670.996094	-58.670731
11676.379395	-62.587490
11681.762695	-62.372494
11687.145996	-64.065804
11692.529297	-62.431271
11697.912598	-61.274502
11703.295898	-57.632225
11708.679199	-57.976593
11714.062500	-54.032513
11719.445801	-51.939651
11724.829102	-55.511696
11730.212402	-54.354519
11735.595703	-61.004032
11740.979004	-62.539574
11746.362305	-61.579811
11751.745605	-57.075180
11757.128906	-56.012810
11762.512207	-54.854095
11767.895508	-52.455364
11773.278809	-51.968143
11778.662109	-60.983253
11784.045410	-60.241455
11789.428711	-58.846378
11794.812012	-63.705135
11800.195312	-57.071453
11805.578613	-57.509945
11810.961914	-57.030407
11816.345215	-57.589432
11821.728516	-55.940506
11827.111816	-56.750889
11832.495117	-56.729145
11837.878418	-60.678185
11843.261719	-57.376827
11848.645020	-58.246864
11854.028320	-56.806133
11859.411621	-54.875046
11864.794922	-57.824314
11870.178223	-59.219334
11875.561523	-57.985039
11880.944824	-57.788624
11886.328125	-58.101505
11891.711426	-62.504913
11897.094727	-57.914642
11902.478027	-56.617638
11907.861328	-57.305557
11913.244629	-59.445690
11918.627930	-61.515209
11924.011230	-59.506096
11929.394531	-57.416237
11934.777832	-54.733643
11940.161133	-54.659519
11945.544434	-59.934578
11950.927734	-61.761204
11956.311035	-56.253689
11961.694336	-56.945133
11967.077637	-55.849194
11972.460938	-52.048645
11977.844238	-56.471905
11983.227539	-56.422550
11988.610840	-59.430248
11993.994141	-61.155201
11999.377441	-62.142670
12004.760742	-63.326267
12010.144043	-57.152981
12015.527344	-57.242355
12020.910645	-61.779873
12026.293945	-64.079247
12031.677246	-67.337112
12037.060547	-65.087639
12042.443848	-63.853909
12047.827148	-63.111534
12053.210449	-59.641884
12058.593750	-58.045383
12063.977051	-59.156258
12069.360352	-59.216671
12074.743652	-75.203125
12080.126953	-62.464031
12085.510254	-59.328266
12090.893555	-60.524948
12096.276855	-60.997177
12101.660156	-59.397488
12107.043457	-63.569153
12112.426758	-62.094048
12117.810059	-59.467743
12123.193359	-58.131950
12128.576660	-54.535686
12133.959961	-50.732590
12139.343262	-52.451420
12144.726562	-59.050301
12150.109863	-59.455063
12155.493164	-55.495132
12160.876465	-62.098133
12166.259766	-56.910980
12171.643066	-55.653522
12177.026367	-56.348423
12182.409668	-57.353134
12187.792969	-55.807926
12193.176270	-53.115456
12198.559570	-56.999107
12203.942871	-57.614674
12209.326172	-58.607342
12214.709473	-55.109543
12220.092773	-54.016350
12225.476074	-54.617832
12230.859375	-61.590286
12236.242676	-58.869560
12241.625977	-57.963680
12247.009277	-60.135014
12252.392578	-59.146439
12257.775879	-59.854420
12263.159180	-56.762985
12268.542480	-59.467773
12273.925781	-60.663631
12279.309082	-61.812943
12284.692383	-58.937981
12290.075684	-57.116024
12295.458984	-55.739491
12300.842285	-53.832249
12306.225586	-55.613209
12311.608887	-54.699429
12316.992188	-59.333878
12322.375488	-61.153267
12327.758789	-59.222820
12333.142090	-55.956482
12338.525391	-55.762585
12343.908691	-58.725224
12349.291992	-65.994316
12354.675293	-64.695572
12360.058594	-65.462448
12365.441895	-64.424553
12370.825195	-61.749130
12376.208496	-61.998737
12381.591797	-69.041389
12386.975098	-68.809273
12392.358398	-62.978329
12397.741699	-56.284363
12403.125000	-64.596275
12408.508301	-60.273499
12413.891602	-60.794621
12419.274902	-67.406624
12424.658203	-62.017052
12430.041504	-63.345997
12435.424805	-57.299522
12440.808105	-58.352211
12446.191406	-59.390778
12451.574707	-61.316120
12456.958008	-65.653282
12462.341309	-61.910473
12467.724609	-56.811226
12473.107910	-58.849674
12478.491211	-61.430550
12483.874512	-60.390030
12489.257812	-52.982155
12494.641113	-52.900707
12500.024414	-56.077209
12505.407715	-57.785568
12510.791016	-63.229630
12516.174316	-61.372421
12521.557617	-60.943630
12526.940918	-62.228111
12532.324219	-60.329655
12537.707520	-61.315422
12543.090820	-59.500126
12548.474121	-59.414326
12553.857422	-59.016556
12559.240723	-58.499733
12564.624023	-60.147491
12570.007324	-59.991722
12575.390625	-60.515583
12580.773926	-62.884327
12586.157227	-56.581100
12591.540527	-60.191792
12596.923828	-61.008350
12602.307129	-63.999317
12607.690430	-59.641224
12613.073730	-60.713013
12618.457031	-60.992386
12623.840332	-62.547764
12629.223633	-60.252106
12634.606934	-57.273342
12639.990234	-56.647324
12645.373535	-56.376366
12650.756836	-58.714211
12656.140137	-61.893509
12661.523438	-59.526253
12666.906738	-63.202885
12672.290039	-62.673130
12677.673340	-59.546700
12683.056641	-57.844109
12688.439941	-57.409138
12693.823242	-60.585304
12699.206543	-58.508507
12704.589844	-64.103714
12709.973145	-57.966858
12715.356445	-58.586842
12720.739746	-58.122005
12726.123047	-57.491550
12731.506348	-58.832916
12736.889648	-55.682892
12742.272949	-62.784565
12747.656250	-63.271103
12753.039551	-64.230499
12758.422852	-60.431240
12763.806152	-57.286518
12769.189453	-58.693871
12774.572754	-56.181835
12779.956055	-65.063675
12785.339355	-66.600456
12790.722656	-62.469986
12796.105957	-60.159039
12801.489258	-61.374058
12806.872559	-62.621864
12812.255859	-59.926895
12817.639160	-58.397331
12823.022461	-64.370110
12828.405762	-58.993362
12833.789062	-63.810780
12839.172363	-65.000374
12844.555664	-58.300350
12849.938965	-60.916252
12855.322266	-64.059113
12860.705566	-57.347515
12866.088867	-68.038658
12871.472168	-57.559284
12876.855469	-58.475197
12882.238770	-61.673061
12887.622070	-57.337677
12893.005371	-61.672604
12898.388672	-60.815990
12903.771973	-57.996502
12909.155273	-55.526001
12914.538574	-58.068333
12919.921875	-62.322521
12925.305176	-60.256973
12930.688477	-68.176514
12936.071777	-62.908005
12941.455078	-63.740181
12946.838379	-63.241165
12952.221680	-64.176262
12957.604980	-63.772919
12962.988281	-60.385586
12968.371582	-56.357555
12973.754883	-60.092533
12979.138184	-55.268166
12984.521484	-59.088142
12989.904785	-54.705235
12995.288086	-65.430176
13000.671387	-64.376717
13006.054688	-61.694496
13011.437988	-61.341537
13016.821289	-65.773125
13022.204590	-61.862637
13027.587891	-59.368149
13032.971191	-55.521881
13038.354492	-70.575966
13043.737793	-59.195141
13049.121094	-67.426117
13054.504395	-57.767021
13059.887695	-61.601498
13065.270996	-64.944839
13070.654297	-67.135406
13076.037598	-66.548264
13081.420898	-66.062393
13086.804199	-65.834030
13092.187500	-60.044136
13097.570801	-63.147686
13102.954102	-61.869080
13108.337402	-59.545170
13113.720703	-59.661751
13119.104004	-60.916286
13124.487305	-60.086346
13129.870605	-58.038788
13135.253906	-59.994942
13140.637207	-64.093925
13146.020508	-59.275902
13151.403809	-58.496944
13156.787109	-57.702377
13162.170410	-61.033020
13167.553711	-60.853996
13172.937012	-67.475594
13178.320312	-61.675873
13183.703613	-57.298008
13189.086914	-59.412590
13194.470215	-65.242027
13199.853516	-62.644955
13205.236816	-62.019543
13210.620117	-69.325775
13216.003418	-67.127258
13221.386719	-64.542740
13226.770020	-64.541344
13232.153320	-70.741676
13237.536621	-62.459488
13242.919922	-66.028595
13248.303223	-59.781319
13253.686523	-65.029152
13259.069824	-61.613739
13264.453125	-61.563194
13269.836426	-66.151825
13275.219727	-66.020210
13280.603027	-61.636436
13285.986328	-65.289055
13291.369629	-64.091949
13296.752930	-64.636848
13302.136230	-60.073082
13307.519531	-60.055775
13312.902832	-59.015987
13318.286133	-58.774879
13323.669434	-60.975178
13329.052734	-62.343483
13334.436035	-63.059883
13339.819336	-61.386871
13345.202637	-60.596127
13350.585938	-61.170193
13355.969238	-61.134972
13361.352539	-58.680401
13366.735840	-61.361626
13372.119141	-62.163483
13377.502441	-64.662338
13382.885742	-62.363209
13388.269043	-60.649624
13393.652344	-62.911594
13399.035645	-65.321335
13404.418945	-63.287777
13409.802246	-59.957062
13415.185547	-63.600796
13420.568848	-63.568867
13425.952148	-63.239590
13431.335449	-62.414783
13436.718750	-63.085236
13442.102051	-68.937775
13447.485352	-64.670044
13452.868652	-64.461861
13458.251953	-66.199867
13463.635254	-68.120445
13469.018555	-66.716438
13474.401855	-67.150505
13479.785156	-61.592785
13485.168457	-60.980530
13490.551758	-63.935123
13495.935059	-64.681770
13501.318359	-62.075703
13506.701660	-71.007385
13512.084961	-66.168144
13517.468262	-63.314835
13522.851562	-64.731239
13528.234863	-68.410149
13533.618164	-61.503937
13539.001465	-65.346336
13544.384766	-60.222855
13549.768066	-62.475533
13555.151367	-64.150955
13560.534668	-61.721172
13565.917969	-61.601570
13571.301270	-63.533031
13576.684570	-61.126381
13582.067871	-63.147423
13587.451172	-64.469406
13592.834473	-63.508846
13598.217773	-63.112724
13603.601074	-63.671371
13608.984375	-67.986549
13614.367676	-62.917965
13619.750977	-61.530300
13625.134277	-61.952339
13630.517578	-63.521854
13635.900879	-66.101768
13641.284180	-64.627861
13646.667480	-61.316063
13652.050781	-60.292267
13657.434082	-61.777130
13662.817383	-61.555077
13668.200684	-66.017204
13673.583984	-62.549400
13678.967285	-58.942009
13684.350586	-58.803459
13689.733887	-63.947914
13695.117188	-60.604851
13700.500488	-63.644699
13705.883789	-64.217064
13711.267090	-62.702087
13716.650391	-66.756912
13722.033691	-67.810249
13727.416992	-61.206181
13732.800293	-61.568745
13738.183594	-58.983421
13743.566895	-68.030663
13748.950195	-60.635460
13754.333496	-63.057232
13759.716797	-66.741142
13765.100098	-61.441280
13770.483398	-63.677864
13775.866699	-59.176090
13781.250000	-55.949390
13786.633301	-57.298733
13792.016602	-60.536465
13797.399902	-58.355099
13802.783203	-59.688065
13808.166504	-62.522686
13813.549805	-67.867859
13818.933105	-61.676304
13824.316406	-63.777752
13829.699707	-57.223740
13835.083008	-57.423386
13840.466309	-62.698986
13845.849609	-60.682739
13851.232910	-59.914120
13856.616211	-67.963730
13861.999512	-61.621025
13867.382812	-62.877964
13872.766113	-65.108002
13878.149414	-61.161140
13883.532715	-61.491619
13888.916016	-63.390366
13894.299316	-61.510017
13899.682617	-65.770996
13905.065918	-64.212212
13910.449219	-64.160698
13915.832520	-66.828102
13921.215820	-66.608177
13926.599121	-66.494370
13931.982422	-58.938160
13937.365723	-62.753639
13942.749023	-59.211880
13948.132324	-59.724628
13953.515625	-58.909225
13958.898926	-60.148918
13964.282227	-60.408855
13969.665527	-65.301842
13975.048828	-58.922958
13980.432129	-62.967701
13985.815430	-68.762688
13991.198730	-63.531956
13996.582031	-63.672989
14001.965332	-61.486294
14007.348633	-64.055458
14012.731934	-66.159035
14018.115234	-63.620907
14023.498535	-63.333244
14028.881836	-64.433327
14034.265137	-64.708923
14039.648438	-68.096344
14045.031738	-61.021122
14050.415039	-65.276474
14055.798340	-64.053474
14061.181641	-62.326908
14066.564941	-59.603985
14071.948242	-58.503464
14077.331543	-56.840122
14082.714844	-60.805912
14088.098145	-65.427162
14093.481445	-57.652515
14098.864746	-58.645996
14104.248047	-63.556561
14109.631348	-60.819328
14115.014648	-60.664867
14120.397949	-58.719330
14125.781250	-62.157967
14131.164551	-62.852718
14136.547852	-62.815849
14141.931152	-59.265213
14147.314453	-62.129608
14152.697754	-58.380135
14158.081055	-58.001629
14163.464355	-64.317009
14168.847656	-67.316063
14174.230957	-70.398033
14179.614258	-65.378914
14184.997559	-65.269272
14190.380859	-67.375114
14195.764160	-67.925461
14201.147461	-71.428703
14206.530762	-65.179222
14211.914062	-61.444523
14217.297363	-60.586689
14222.680664	-62.425583
14228.063965	-55.871773
14233.447266	-59.736671
14238.830566	-60.189865
14244.213867	-60.377831
14249.597168	-69.181160
14254.980469	-64.760521
14260.363770	-64.242119
14265.747070	-62.267647
14271.130371	-62.161015
14276.513672	-69.029045
14281.896973	-63.917496
14287.280273	-67.424484
14292.663574	-58.700027
14298.046875	-59.427650
14303.430176	-61.863163
14308.813477	-62.132305
14314.196777	-63.163406
14319.580078	-65.226433
14324.963379	-60.044685
14330.346680	-63.192642
14335.729980	-59.008434
14341.113281	-61.039757
14346.496582	-57.971489
14351.879883	-58.792713
14357.263184	-58.575653
14362.646484	-54.160492
14368.029785	-59.478149
14373.413086	-63.177273
14378.796387	-62.876545
14384.179688	-62.915535
14389.562988	-59.488453
14394.946289	-59.379974
14400.329590	-61.209175
14405.712891	-58.965622
14411.096191	-61.354923
14416.479492	-66.632919
14421.862793	-64.586746
14427.246094	-61.066017
14432.629395	-64.489853
14438.012695	-64.051567
14443.395996	-61.275059
14448.779297	-61.912083
14454.162598	-75.704521
14459.545898	-66.505386
14464.929199	-65.027184
14470.312500	-64.111435
14475.695801	-55.229771
14481.079102	-59.978794
14486.462402	-58.442966
14491.845703	-59.373405
14497.229004	-58.566509
14502.612305	-64.876961
14507.995605	-59.799328
14513.378906	-62.556839
14518.762207	-68.403152
14524.145508	-59.241245
14529.528809	-58.934944
14534.912109	-61.485275
14540.295410	-63.095825
14545.678711	-62.650314
14551.062012	-70.924805
14556.445312	-63.803719
14561.828613	-68.745316
14567.211914	-67.248695
14572.595215	-63.281322
14577.978516	-57.815018
14583.361816	-61.745216
14588.745117	-55.603790
14594.128418	-61.970921
14599.511719	-64.000511
14604.895020	-67.611557
14610.278320	-59.500767
14615.661621	-58.657997
14621.044922	-66.076843
14626.428223	-59.080971
14631.811523	-58.431568
14637.194824	-61.836586
14642.578125	-65.149307
14647.961426	-60.894459
14653.344727	-74.221893
14658.728027	-63.211014
14664.111328	-62.840981
14669.494629	-66.873894
14674.877930	-63.795601
14680.261230	-58.128654
14685.644531	-58.458210
14691.027832	-61.088314
14696.411133	-58.936867
14701.794434	-62.461464
14707.177734	-66.408241
14712.561035	-60.932575
14717.944336	-62.037556
14723.327637	-66.113548
14728.710938	-70.562897
14734.094238	-65.504395
14739.477539	-62.133987
14744.860840	-63.142418
14750.244141	-63.196030
14755.627441	-64.399284
14761.010742	-67.471947
14766.394043	-61.055569
14771.777344	-72.052216
14777.160645	-64.479424
14782.543945	-61.501659
14787.927246	-66.578934
14793.310547	-62.799850
14798.693848	-67.925934
14804.077148	-65.527458
14809.460449	-67.143639
14814.843750	-66.693573
14820.227051	-64.876900
14825.610352	-61.164505
14830.993652	-61.688957
14836.376953	-63.213974
14841.760254	-71.701492
14847.143555	-59.136478
14852.526855	-61.180714
14857.910156	-64.647659
14863.293457	-61.801853
14868.676758	-59.190025
14874.060059	-59.792904
14879.443359	-64.198776
14884.826660	-62.114891
14890.209961	-59.853512
14895.593262	-61.619389
14900.976562	-60.645031
14906.359863	-60.226528
14911.743164	-64.710884
14917.126465	-62.043652
14922.509766	-59.552750
14927.893066	-65.720451
14933.276367	-57.475143
14938.659668	-57.359463
14944.042969	-57.805309
14949.426270	-58.449051
14954.809570	-61.588882
14960.192871	-63.798752
14965.576172	-66.583549
14970.959473	-60.822712
14976.342773	-59.004536
14981.726074	-60.497448
14987.109375	-61.175526
14992.492676	-62.051128
14997.875977	-64.271072
15003.259277	-61.575855
15008.642578	-61.925587
15014.025879	-64.235420
15019.409180	-61.061153
15024.792480	-69.350784
15030.175781	-66.293732
15035.559082	-59.916294
15040.942383	-57.428989
15046.325684	-58.471340
15051.708984	-59.530159
15057.092285	-66.425072
15062.475586	-57.533001
15067.858887	-58.733120
15073.242188	-70.288216
15078.625488	-62.110504
15084.008789	-57.779312
15089.392090	-61.381855
15094.775391	-61.080990
15100.158691	-62.925163
15105.541992	-63.596725
15110.925293	-58.693851
15116.308594	-58.027111
15121.691895	-60.038486
15127.075195	-55.758698
15132.458496	-57.716526
15137.841797	-65.014740
15143.225098	-59.780495
15148.608398	-62.220451
15153.991699	-60.140984
15159.375000	-60.851967
15164.758301	-59.274525
15170.141602	-57.167236
15175.524902	-59.617023
15180.908203	-66.732597
15186.291504	-59.980198
15191.674805	-66.872269
15197.058105	-63.580738
15202.441406	-64.127129
15207.824707	-61.277695
15213.208008	-67.719490
15218.591309	-62.534019
15223.974609	-63.624592
15229.357910	-69.353943
15234.741211	-69.350212
15240.124512	-63.726315
15245.507812	-60.907784
15250.891113	-61.614552
15256.274414	-63.695282
15261.657715	-72.812843
15267.041016	-69.314011
15272.424316	-72.324043
15277.807617	-60.300022
15283.190918	-59.978516
15288.574219	-64.281876
15293.957520	-62.575657
15299.340820	-60.565197
15304.724121	-66.080833
15310.107422	-63.791801
15315.490723	-66.428169
15320.874023	-62.039474
15326.257324	-61.734531
15331.640625	-65.802101
15337.023926	-63.206993
15342.407227	-65.038582
15347.790527	-63.517078
15353.173828	-59.801258
15358.557129	-61.900063
15363.940430	-62.622204
15369.323730	-58.640663
15374.707031	-73.823799
15380.090332	-61.191769
15385.473633	-59.477558
15390.856934	-62.790035
15396.240234	-66.485336
15401.623535	-65.472672
15407.006836	-60.259224
15412.390137	-60.257008
15417.773438	-61.330193
15423.156738	-61.575321
15428.540039	-59.542194
15433.923340	-61.606350
15439.306641	-62.918137
15444.689941	-58.804420
15450.073242	-57.899204
15455.456543	-61.414246
15460.839844	-60.848709
15466.223145	-58.975548
15471.606445	-63.054501
15476.989746	-68.308800
15482.373047	-62.104767
15487.756348	-60.158417
15493.139648	-60.183510
15498.522949	-63.229321
15503.906250	-64.169029
15509.289551	-59.582790
15514.672852	-60.313484
15520.056152	-63.272739
15525.439453	-59.288734
15530.822754	-58.075249
15536.206055	-65.267159
15541.589355	-66.788628
15546.972656	-69.381821
15552.355957	-65.290672
15557.739258	-60.903316
15563.122559	-68.416023
15568.505859	-66.885246
15573.889160	-64.310089
15579.272461	-67.176582
15584.655762	-60.166286
15590.039062	-62.033821
15595.422363	-68.514030
15600.805664	-62.709026
15606.188965	-62.931461
15611.572266	-66.407051
15616.955566	-71.140945
15622.338867	-62.259018
15627.722168	-57.806087
15633.105469	-56.962154
15638.488770	-60.345642
15643.872070	-65.524109
15649.255371	-63.077332
15654.638672	-60.707458
15660.021973	-59.143593
15665.405273	-60.571159
15670.788574	-58.738472
15676.171875	-59.504498
15681.555176	-66.868484
15686.938477	-65.588631
15692.321777	-64.708809
15697.705078	-64.939095
15703.088379	-61.911091
15708.471680	-61.240822
15713.854980	-66.903305
15719.238281	-62.067833
15724.621582	-60.924084
15730.004883	-63.408367
15735.388184	-64.919533
15740.771484	-57.078651
15746.154785	-62.536156
15751.538086	-59.765678
15756.921387	-66.025635
15762.304688	-68.695381
15767.687988	-62.427364
15773.071289	-61.159359
15778.454590	-62.395561
15783.837891	-65.638359
15789.221191	-73.217796
15794.604492	-72.309738
15799.987793	-69.280724
15805.371094	-69.147118
15810.754395	-67.008247
15816.137695	-67.645462
15821.520996	-66.841133
15826.904297	-64.753525
15832.287598	-66.215714
15837.670898	-57.140648
15843.054199	-58.571548
15848.437500	-62.001163
15853.820801	-66.209145
15859.204102	-64.517471
15864.587402	-63.679817
15869.970703	-64.489197
15875.354004	-63.210892
15880.737305	-67.473412
15886.120605	-62.279102
15891.503906	-63.058178
15896.887207	-72.320160
15902.270508	-66.828514
15907.653809	-67.965317
15913.037109	-64.448013
15918.420410	-61.157787
15923.803711	-66.546913
15929.187012	-64.265541
15934.570312	-65.906067
15939.953613	-71.386742
15945.336914	-67.091789
15950.720215	-71.898384
15956.103516	-64.914734
15961.486816	-65.509315
15966.870117	-63.823406
15972.253418	-73.225647
15977.636719	-63.232162
15983.020020	-61.691921
15988.403320	-63.899181
15993.786621	-67.402550
15999.169922	-60.665493
16004.553223	-63.816914
16009.936523	-72.129692
16015.319824	-62.662289
16020.703125	-61.091736
16026.086426	-64.716484
16031.469727	-61.863907
16036.853027	-61.824421
16042.236328	-66.592506
16047.619629	-68.835503
16053.002930	-62.649254
16058.386230	-58.515697
16063.769531	-60.707558
16069.152832	-65.042618
16074.536133	-65.360741
16079.919434	-70.479980
16085.302734	-66.773117
16090.686035	-66.577332
16096.069336	-67.783081
16101.452637	-69.347618
16106.835938	-71.383324
16112.219238	-73.731377
16117.602539	-74.871506
16122.985840	-77.960274
16128.369141	-74.716942
16133.752441	-76.379776
16139.135742	-73.308342
16144.519043	-67.017311
16149.902344	-67.894974
16155.285645	-69.442757
16160.668945	-64.430817
16166.052246	-62.947330
16171.435547	-67.297653
16176.818848	-64.295753
16182.202148	-62.142254
16187.585449	-67.801605
16192.968750	-68.918205
16198.352051	-64.857178
16203.735352	-68.850075
16209.118652	-79.930939
16214.501953	-69.531616
16219.885254	-70.697418
16225.268555	-73.370377
16230.651855	-72.063156
16236.035156	-71.693718
16241.418457	-71.285660
16246.801758	-71.758636
16252.185059	-68.647415
16257.568359	-72.570702
16262.951660	-66.741814
16268.334961	-64.793640
16273.718262	-69.818756
16279.101562	-64.916206
16284.484863	-64.252357
16289.868164	-66.201973
16295.251465	-64.518379
16300.634766	-66.100388
16306.018066	-66.969955
16311.401367	-67.406517
16316.784668	-68.818581
16322.167969	-68.895874
16327.551270	-75.359406
16332.934570	-71.221817
16338.317871	-69.066490
16343.701172	-69.445900
16349.084473	-68.826759
16354.467773	-69.797905
16359.851074	-68.868851
16365.234375	-69.620155
16370.617676	-71.441574
16376.000977	-71.888863
16381.384277	-72.424614
16386.767578	-74.816704
16392.150879	-75.720390
16397.534180	-79.103355
16402.917480	-77.477318
16408.300781	-74.957901
16413.684082	-74.817299
16419.067383	-74.372925
16424.450684	-76.370705
16429.833984	-77.770416
16435.217285	-81.632782
16440.600586	-85.086624
16445.983887	-90.493919
16451.367188	-88.222595
16456.750488	-92.785126
16462.133789	-91.453102
16467.517090	-92.113892
16472.900391	-85.950005
16478.283691	-83.912086
16483.666992	-82.718582
16489.050293	-77.819763
16494.433594	-75.375931
16499.816895	-75.748535
16505.200195	-73.137726
16510.583496	-72.903542
16515.966797	-78.169548
16521.350098	-71.213783
16526.733398	-84.229546
16532.116699	-65.696945
16537.500000	-60.274151
16542.883301	-61.248985
16548.266602	-71.394592
16553.649902	-62.122734
16559.033203	-57.838028
16564.416504	-60.060448
16569.799805	-70.591568
16575.183105	-65.402084
16580.566406	-61.344334
16585.949707	-62.569817
16591.333008	-68.677010
16596.716309	-69.018578
16602.099609	-68.239456
16607.482910	-70.069420
16612.866211	-71.973274
16618.249512	-70.975662
16623.632812	-73.911736
16629.016113	-75.903168
16634.399414	-69.625717
16639.782715	-74.383675
16645.166016	-67.250259
16650.549316	-66.839981
16655.932617	-66.418198
16661.315918	-64.717064
16666.699219	-64.303230
16672.082520	-65.729889
16677.465820	-63.419983
16682.849121	-66.889114
16688.232422	-64.208504
16693.615723	-69.280525
16698.999023	-66.432831
16704.382324	-73.411209
16709.765625	-69.653664
16715.148926	-74.598663
16720.532227	-72.324089
16725.915527	-72.462288
16731.298828	-72.934052
16736.682129	-70.855545
16742.065430	-71.167389
16747.448730	-68.904243
16752.832031	-69.933350
16758.215332	-69.677292
16763.598633	-70.699448
16768.981934	-72.812767
16774.365234	-74.017815
16779.748535	-77.974167
16785.131836	-76.759209
16790.515137	-74.052299
16795.898438	-74.877007
16801.281738	-73.927330
16806.665039	-77.455231
16812.048340	-78.230675
16817.431641	-74.888062
16822.814941	-76.910507
16828.198242	-69.918373
16833.581543	-70.613739
16838.964844	-67.440308
16844.348145	-66.467354
16849.731445	-65.876549
16855.114746	-64.538429
16860.498047	-64.986664
16865.881348	-64.517349
16871.264648	-65.123138
16876.647949	-65.559639
16882.031250	-66.701820
16887.414551	-68.071541
16892.797852	-69.609718
16898.181152	-72.256836
16903.564453	-74.802216
16908.947754	-78.958748
16914.331055	-83.787613
16919.714355	-89.978210
16925.097656	-89.852875
16930.480957	-88.293526
16935.864258	-86.808662
16941.247559	-88.028900
16946.630859	-88.788986
16952.014160	-94.325562
16957.397461	-100.391640
16962.780762	-95.953293
16968.164062	-92.837379
16973.547363	-92.688156
16978.930664	-91.515312
16984.313965	-94.775429
16989.697266	-97.091469
16995.080566	-97.500198
17000.463867	-103.233788
17005.847168	-95.156731
17011.230469	-97.059952
17016.613770	-95.252029
17021.997070	-102.918472
17027.380371	-97.210358
17032.763672	-98.559006
17038.146973	-93.442039
17043.530273	-93.553970
17048.913574	-89.950012
17054.296875	-92.381752
17059.680176	-85.994301
17065.063477	-88.495239
17070.446777	-87.628792
17075.830078	-88.568192
17081.213379	-86.708412
17086.596680	-87.261620
17091.979980	-81.000023
17097.363281	-80.425972
17102.746582	-79.802429
17108.129883	-76.127831
17113.513184	-77.762543
17118.896484	-73.933784
17124.279785	-75.801384
17129.663086	-73.902824
17135.046387	-74.421951
17140.429688	-75.876381
17145.812988	-75.162178
17151.196289	-77.291466
17156.579590	-76.381721
17161.962891	-80.022705
17167.346191	-72.121330
17172.729492	-72.413902
17178.112793	-69.295685
17183.496094	-67.695702
17188.879395	-66.538589
17194.262695	-65.574150
17199.645996	-65.224922
17205.029297	-64.612396
17210.412598	-64.777229
17215.795898	-64.977028
17221.179199	-65.697464
17226.562500	-66.680260
17231.945801	-67.828987
17237.329102	-69.746780
17242.712402	-71.487579
17248.095703	-73.939667
17253.479004	-76.928703
17258.862305	-81.146629
17264.245605	-87.943398
17269.628906	-88.452545
17275.012207	-83.216194
17280.395508	-85.747314
17285.778809	-82.853935
17291.162109	-85.731125
17296.545410	-88.063019
17301.928711	-88.555336
17307.312012	-84.746140
17312.695312	-78.832054
17318.078613	-74.427132
17323.461914	-71.255951
17328.845215	-69.025581
17334.228516	-68.171440
17339.611816	-66.164215
17344.995117	-66.766304
17350.378418	-63.524883
17355.761719	-65.165634
17361.145020	-61.247501
17366.528320	-63.415482
17371.911621	-61.082390
17377.294922	-65.494484
17382.678223	-63.700703
17388.061523	-69.551590
17393.444824	-67.813721
17398.828125	-73.240982
17404.211426	-69.430458
17409.594727	-72.898392
17414.978027	-67.330574
17420.361328	-66.089218
17425.744629	-61.351158
17431.127930	-62.563999
17436.511230	-67.143570
17441.894531	-66.707901
17447.277832	-64.030617
17452.661133	-65.369263
17458.044434	-77.012032
17463.427734	-66.471176
17468.811035	-65.888229
17474.194336	-72.560562
17479.577637	-70.318481
17484.960938	-67.534645
17490.344238	-72.811371
17495.727539	-73.327988
17501.110840	-73.625168
17506.494141	-77.902802
17511.877441	-74.230865
17517.260742	-69.000511
17522.644043	-76.767105
17528.027344	-67.201401
17533.410645	-69.165192
17538.793945	-68.109818
17544.177246	-66.105156
17549.560547	-68.706947
17554.943848	-66.771729
17560.327148	-67.957260
17565.710449	-68.520294
17571.093750	-69.048500
17576.477051	-70.361588
17581.860352	-73.635643
17587.243652	-73.203201
17592.626953	-80.256195
17598.010254	-78.962860
17603.393555	-90.249100
17608.776855	-88.650673
17614.160156	-91.371552
17619.543457	-87.270409
17624.926758	-90.662819
17630.310059	-86.149925
17635.693359	-96.808411
17641.076660	-88.523987
17646.459961	-94.498703
17651.843262	-91.886169
17657.226562	-96.401733
17662.609863	-89.070656
17667.993164	-93.261520
17673.376465	-88.494652
17678.759766	-93.394936
17684.143066	-94.515350
17689.526367	-92.675613
17694.909668	-89.553802
17700.292969	-88.476387
17705.676270	-91.056961
17711.059570	-94.463692
17716.442871	-95.329521
17721.826172	-92.372231
17727.209473	-89.693512
17732.592773	-92.800949
17737.976074	-91.121010
17743.359375	-83.928062
17748.742676	-78.735931
17754.125977	-76.642120
17759.509277	-75.609787
17764.892578	-75.522865
17770.275879	-76.270004
17775.659180	-76.967255
17781.042480	-75.996216
17786.425781	-75.353638
17791.809082	-74.356277
17797.192383	-73.437920
17802.575684	-72.573463
17807.958984	-71.757713
17813.342285	-70.752480
17818.725586	-70.081108
17824.108887	-69.716782
17829.492188	-69.868942
17834.875488	-70.690857
17840.258789	-72.204163
17845.642090	-74.486481
17851.025391	-76.889565
17856.408691	-77.029732
17861.791992	-75.882050
17867.175293	-75.317886
17872.558594	-75.122505
17877.941895	-75.783646
17883.325195	-77.175766
17888.708496	-79.189651
17894.091797	-82.103127
17899.475098	-86.181297
17904.858398	-89.486954
17910.241699	-96.682251
17915.625000	-102.208153
17921.008301	-98.128067
17926.391602	-94.905319
17931.774902	-93.428062
17937.158203	-92.799530
17942.541504	-94.457542
17947.924805	-96.786682
17953.308105	-100.275352
17958.691406	-99.942619
17964.074707	-103.780701
17969.458008	-97.402489
17974.841309	-95.557030
17980.224609	-92.558044
17985.607910	-91.776398
17990.991211	-93.037613
17996.374512	-95.392899
18001.757812	-98.912506
18007.141113	-103.513016
18012.524414	-99.865685
18017.907715	-108.290825
18023.291016	-101.438400
18028.674316	-99.032097
18034.057617	-97.070908
18039.440918	-94.979263
18044.824219	-93.832573
18050.207520	-92.617760
18055.590820	-94.581963
18060.974121	-96.338150
18066.357422	-94.210625
18071.740723	-91.991516
18077.124023	-88.843529
18082.507324	-90.338463
18087.890625	-90.784737
18093.273926	-94.695740
18098.657227	-91.984047
18104.040527	-91.935181
18109.423828	-91.589722
18114.807129	-94.644882
18120.190430	-96.316223
18125.573730	-91.060143
18130.957031	-93.600136
18136.340332	-90.497627
18141.723633	-93.583885
18147.106934	-92.155487
18152.490234	-92.133194
18157.873535	-90.582367
18163.256836	-88.686356
18168.640137	-94.560081
18174.023438	-89.187584
18179.406738	-93.830063
18184.790039	-90.357506
18190.173340	-96.816734
18195.556641	-88.764145
18200.939941	-87.841064
18206.323242	-88.337898
18211.706543	-87.202675
18217.089844	-92.010590
18222.473145	-90.600739
18227.856445	-84.596703
18233.239746	-79.116096
18238.623047	-75.164597
18244.006348	-72.130051
18249.389648	-69.834160
18254.772949	-67.929237
18260.156250	-66.640945
18265.539551	-65.665298
18270.922852	-65.014946
18276.306152	-64.646133
18281.689453	-64.660973
18287.072754	-64.942787
18292.456055	-65.573402
18297.839355	-66.536102
18303.222656	-67.821541
18308.605957	-69.698051
18313.989258	-71.889694
18319.372559	-74.790222
18324.755859	-78.552673
18330.139160	-83.637329
18335.522461	-90.581146
18340.905762	-91.303238
18346.289062	-88.632553
18351.672363	-87.753555
18357.055664	-88.662872
18362.438965	-90.808983
18367.822266	-94.132576
18373.205566	-98.891495
18378.588867	-99.746384
18383.972168	-97.873718
18389.355469	-96.332146
18394.738770	-95.213562
18400.122070	-97.505943
18405.505371	-101.454887
18410.888672	-107.145203
18416.271973	-110.267532
18421.655273	-101.404312
18427.038574	-99.452621
18432.421875	-100.627388
18437.805176	-103.262444
18443.188477	-104.157784
18448.571777	-110.836800
18453.955078	-108.346062
18459.338379	-105.167465
18464.721680	-103.822372
18470.104980	-105.122940
18475.488281	-103.058197
18480.871582	-104.888359
18486.254883	-113.532578
18491.638184	-111.556854
18497.021484	-106.140739
18502.404785	-105.648689
18507.788086	-108.044456
18513.171387	-106.875748
18518.554688	-103.372025
18523.937988	-106.807549
18529.321289	-105.533295
18534.704590	-104.780228
18540.087891	-107.892845
18545.471191	-108.154869
18550.854492	-109.388985
18556.237793	-114.822083
18561.621094	-113.065140
18567.004395	-113.377968
18572.387695	-115.331436
18577.770996	-111.971191
18583.154297	-108.674461
18588.537598	-110.436760
18593.920898	-114.476799
18599.304199	-111.756821
18604.687500	-109.634155
18610.070801	-110.084267
18615.454102	-114.346741
18620.837402	-106.363503
18626.220703	-106.861710
18631.604004	-115.125938
18636.987305	-106.717545
18642.370605	-108.731209
18647.753906	-113.871780
18653.137207	-114.621651
18658.520508	-107.659737
18663.903809	-107.763779
18669.287109	-114.423340
18674.670410	-114.107269
18680.053711	-114.391029
18685.437012	-110.077621
18690.820312	-106.682480
18696.203613	-112.859856
18701.586914	-116.464752
18706.970215	-118.336235
18712.353516	-113.166832
18717.736816	-106.869781
18723.120117	-108.458855
18728.503418	-110.368103
18733.886719	-112.238716
18739.270020	-106.121239
18744.653320	-108.486374
18750.036621	-109.071739
18755.419922	-108.434158
18760.803223	-113.739311
18766.186523	-119.246964
18771.569824	-110.053146
18776.953125	-108.139061
18782.336426	-115.212379
18787.719727	-117.300331
18793.103027	-122.164200
18798.486328	-117.424561
18803.869629	-118.763748
18809.252930	-110.115135
18814.636230	-108.262070
18820.019531	-107.810371
18825.402832	-113.866821
18830.786133	-113.076714
18836.169434	-108.258438
18841.552734	-110.134499
18846.936035	-109.906342
18852.319336	-109.562798
18857.702637	-111.743217
18863.085938	-110.508202
18868.469238	-109.549149
18873.852539	-108.880775
18879.235840	-109.373878
18884.619141	-117.692154
18890.002441	-111.172142
18895.385742	-110.785667
18900.769043	-110.023613
18906.152344	-122.387184
18911.535645	-121.999245
18916.918945	-112.674171
18922.302246	-107.533875
18927.685547	-108.471344
18933.068848	-108.678749
18938.452148	-115.072746
18943.835449	-111.010597
18949.218750	-107.904762
18954.602051	-110.103317
18959.985352	-111.729134
18965.368652	-119.867790
18970.751953	-119.404861
18976.135254	-113.862999
18981.518555	-119.913452
18986.901855	-119.824097
18992.285156	-112.318016
18997.668457	-112.134003
19003.051758	-108.333000
19008.435059	-120.044266
19013.818359	-123.035713
19019.201660	-112.991371
19024.584961	-110.557442
19029.968262	-107.118286
19035.351562	-111.207275
19040.734863	-112.591583
19046.118164	-113.502472
19051.501465	-113.910194
19056.884766	-109.605423
19062.268066	-109.103012
19067.651367	-114.720924
19073.034668	-116.011169
19078.417969	-116.769234
19083.801270	-108.178307
19089.184570	-108.058907
19094.567871	-108.214348
19099.951172	-112.298187
19105.334473	-113.536339
19110.717773	-120.544098
19116.101074	-114.613174
19121.484375	-114.203239
19126.867676	-121.757469
19132.250977	-113.241783
19137.634277	-106.754631
19143.017578	-107.630142
19148.400879	-114.321060
19153.784180	-116.037453
19159.167480	-112.552826
19164.550781	-108.750916
19169.934082	-106.648720
19175.317383	-111.152481
19180.700684	-104.524139
19186.083984	-105.694000
19191.467285	-115.504974
19196.850586	-106.799850
19202.233887	-113.034676
19207.617188	-111.600998
19213.000488	-108.993011
19218.383789	-110.528061
19223.767090	-109.521027
19229.150391	-110.206673
19234.533691	-109.133690
19239.916992	-110.026772
19245.300293	-110.502937
19250.683594	-111.231514
19256.066895	-113.334885
19261.450195	-113.575165
19266.833496	-110.238037
19272.216797	-110.769989
19277.600098	-107.582939
19282.983398	-115.108841
19288.366699	-115.102882
19293.750000	-121.229095
19299.133301	-118.687317
19304.516602	-116.900101
19309.899902	-115.982063
19315.283203	-113.523613
19320.666504	-115.522362
19326.049805	-110.903702
19331.433105	-110.989944
19336.816406	-112.233871
19342.199707	-113.454521
19347.583008	-111.353188
19352.966309	-110.962204
19358.349609	-112.653358
19363.732910	-108.552376
19369.116211	-115.369293
19374.499512	-118.846100
19379.882812	-114.467346
19385.266113	-109.836998
19390.649414	-109.975632
19396.032715	-109.459579
19401.416016	-109.153984
19406.799316	-111.909035
19412.182617	-110.021004
19417.565918	-108.695923
19422.949219	-114.313217
19428.332520	-114.624039
19433.715820	-112.264824
19439.099121	-111.287308
19444.482422	-112.002258
19449.865723	-107.557938
19455.249023	-105.812874
19460.632324	-106.752052
19466.015625	-107.900940
19471.398926	-111.283569
19476.782227	-114.628853
19482.165527	-110.144867
19487.548828	-114.815155
19492.932129	-115.345284
19498.315430	-115.857887
19503.698730	-112.299347
19509.082031	-112.334526
19514.465332	-115.624229
19519.848633	-113.446487
19525.231934	-109.165459
19530.615234	-112.198158
19535.998535	-116.535217
19541.381836	-111.669830
19546.765137	-108.928680
19552.148438	-111.658714
19557.531738	-114.047348
19562.915039	-107.968842
19568.298340	-105.228081
19573.681641	-109.108467
19579.064941	-112.005287
19584.448242	-111.573639
19589.831543	-110.675415
19595.214844	-112.585762
19600.598145	-112.722755
19605.981445	-115.099876
19611.364746	-113.034767
19616.748047	-116.652031
19622.131348	-112.890274
19627.514648	-107.131119
19632.897949	-110.723495
19638.281250	-110.946335
19643.664551	-108.678711
19649.047852	-113.999268
19654.431152	-111.040901
19659.814453	-117.676918
19665.197754	-113.568306
19670.581055	-109.226013
19675.964355	-110.415436
19681.347656	-111.088997
19686.730957	-107.266548
19692.114258	-109.826729
19697.497559	-114.473015
19702.880859	-108.751923
19708.264160	-111.422455
19713.647461	-118.263458
19719.030762	-112.875198
19724.414062	-111.660889
19729.797363	-111.774323
19735.180664	-113.003197
19740.563965	-108.745872
19745.947266	-112.097809
19751.330566	-109.487457
19756.713867	-111.776619
19762.097168	-116.230110
19767.480469	-116.427315
19772.863770	-112.959404
19778.247070	-109.796532
19783.630371	-107.814270
19789.013672	-109.430115
19794.396973	-111.375519
19799.780273	-108.112953
19805.163574	-105.756462
19810.546875	-110.162437
19815.930176	-110.205971
19821.313477	-107.129242
19826.696777	-110.841995
19832.080078	-109.492813
19837.463379	-105.257202
19842.846680	-107.795731
19848.229980	-108.871880
19853.613281	-108.524857
19858.996582	-106.082832
19864.379883	-111.097343
19869.763184	-108.001190
19875.146484	-112.115845
19880.529785	-113.518356
19885.913086	-117.560387
19891.296387	-116.723640
19896.679688	-113.146286
19902.062988	-110.481323
19907.446289	-108.597519
19912.829590	-115.132050
19918.212891	-110.393661
19923.596191	-114.322418
19928.979492	-110.443405
19934.362793	-108.668060
19939.746094	-111.258141
19945.129395	-106.060760
19950.512695	-105.904396
19955.895996	-104.607384
19961.279297	-105.584801
19966.662598	-117.496033
19972.045898	-116.315308
19977.429199	-110.432541
19982.812500	-111.201103
19988.195801	-109.181046
19993.579102	-110.616119
19998.962402	-122.610489
20004.345703	-106.245499
20009.729004	-107.289886
20015.112305	-108.509033
20020.495605	-106.090218
20025.878906	-114.346550
20031.262207	-113.671509
20036.645508	-112.311142
20042.028809	-111.787521
20047.412109	-115.818069
20052.795410	-116.394646
20058.178711	-113.853981
20063.562012	-112.214592
20068.945312	-109.393692
20074.328613	-106.372574
20079.711914	-106.569313
20085.095215	-109.211098
20090.478516	-107.764595
20095.861816	-109.396233
20101.245117	-114.412193
20106.628418	-107.989090
20112.011719	-104.792778
20117.395020	-112.247513
20122.778320	-119.001595
20128.161621	-112.781700
20133.544922	-111.824738
20138.928223	-111.435677
20144.311523	-118.681526
20149.694824	-116.278717
20155.078125	-107.943146
20160.461426	-112.610870
20165.844727	-112.650017
20171.228027	-114.792374
20176.611328	-110.630844
20181.994629	-109.288513
20187.377930	-112.697906
20192.761230	-114.312447
20198.144531	-115.364662
20203.527832	-111.802879
20208.911133	-114.296822
20214.294434	-110.826950
20219.677734	-105.323189
20225.061035	-107.049881
20230.444336	-106.268707
20235.827637	-105.409447
20241.210938	-108.713623
20246.594238	-111.896378
20251.977539	-116.178093
20257.360840	-116.259399
20262.744141	-111.921478
20268.127441	-108.943924
20273.510742	-115.040108
20278.894043	-107.502937
20284.277344	-106.280045
20289.660645	-112.407448
20295.043945	-113.040245
20300.427246	-108.769966
20305.810547	-108.820312
20311.193848	-110.095016
20316.577148	-108.041389
20321.960449	-108.712250
20327.343750	-110.440636
20332.727051	-111.344360
20338.110352	-112.299530
20343.493652	-114.312141
20348.876953	-110.860687
20354.260254	-114.120399
20359.643555	-109.042557
20365.026855	-106.692993
20370.410156	-106.518181
20375.793457	-102.722031
20381.176758	-106.230728
20386.560059	-114.643341
20391.943359	-110.497559
20397.326660	-112.973007
20402.709961	-109.305794
20408.093262	-111.488976
20413.476562	-117.495689
20418.859863	-111.909683
20424.243164	-114.539001
20429.626465	-112.742378
20435.009766	-110.270584
20440.393066	-113.463615
20445.776367	-112.868767
20451.159668	-113.136559
20456.542969	-118.251518
20461.926270	-116.082581
20467.309570	-114.111832
20472.692871	-108.683701
20478.076172	-111.850151
20483.459473	-110.663078
20488.842773	-105.078941
20494.226074	-108.404762
20499.609375	-106.030846
20504.992676	-105.342262
20510.375977	-105.602074
20515.759277	-108.825073
20521.142578	-110.203804
20526.525879	-107.650093
20531.909180	-108.576050
20537.292480	-108.709778
20542.675781	-106.958672
20548.059082	-116.509201
20553.442383	-107.562164
20558.825684	-106.561401
20564.208984	-112.189461
20569.592285	-117.387337
20574.975586	-107.319099
20580.358887	-104.007996
20585.742188	-105.231094
20591.125488	-110.565063
20596.508789	-110.715065
20601.892090	-108.939545
20607.275391	-113.237541
20612.658691	-114.097565
20618.041992	-111.548531
20623.425293	-106.319580
20628.808594	-104.796173
20634.191895	-106.573624
20639.575195	-105.623947
20644.958496	-108.807884
20650.341797	-109.240295
20655.725098	-111.783730
20661.108398	-122.187935
20666.491699	-113.009018
20671.875000	-107.648972
20677.258301	-108.952324
20682.641602	-109.113945
20688.024902	-107.800728
20693.408203	-111.820236
20698.791504	-110.382980
20704.174805	-114.370697
20709.558105	-111.453072
20714.941406	-111.486511
20720.324707	-106.278755
20725.708008	-107.415573
20731.091309	-115.894707
20736.474609	-111.005745
20741.857910	-113.158058
20747.241211	-111.333321
20752.624512	-111.909897
20758.007812	-109.545456
20763.391113	-110.767883
20768.774414	-116.423019
20774.157715	-111.365326
20779.541016	-106.688034
20784.924316	-106.816299
20790.307617	-116.896927
20795.690918	-109.638084
20801.074219	-109.698967
20806.457520	-108.080200
20811.840820	-110.598312
20817.224121	-122.665100
20822.607422	-107.868256
20827.990723	-106.950066
20833.374023	-118.099205
20838.757324	-115.696945
20844.140625	-114.520081
20849.523926	-108.925240
20854.907227	-116.124870
20860.290527	-112.638756
20865.673828	-112.013420
20871.057129	-114.404358
20876.440430	-119.914581
20881.823730	-118.500397
20887.207031	-109.224609
20892.590332	-108.728912
20897.973633	-111.181099
20903.356934	-112.711304
20908.740234	-107.630089
20914.123535	-107.470055
20919.506836	-106.934822
20924.890137	-108.957245
20930.273438	-109.704231
20935.656738	-117.148079
20941.040039	-115.585060
20946.423340	-107.742889
20951.806641	-107.170731
20957.189941	-112.797760
20962.573242	-117.701164
20967.956543	-111.785393
20973.339844	-109.895493
20978.723145	-109.340660
20984.106445	-114.889511
20989.489746	-109.447792
20994.873047	-108.366173
21000.256348	-106.765938
21005.639648	-107.607071
21011.022949	-107.717003
21016.406250	-114.016891
21021.789551	-112.697411
21027.172852	-109.860344
21032.556152	-110.402832
21037.939453	-110.211365
21043.322754	-106.879517
21048.706055	-103.319550
21054.089355	-108.032318
21059.472656	-108.886879
21064.855957	-116.699135
21070.239258	-107.515572
21075.622559	-110.257935
21081.005859	-110.734535
21086.389160	-112.174728
21091.772461	-116.232162
21097.155762	-111.606560
21102.539062	-105.345161
21107.922363	-107.162766
21113.305664	-108.560005
21118.688965	-108.540115
21124.072266	-108.021339
21129.455566	-106.497192
21134.838867	-107.766747
21140.222168	-109.714241
21145.605469	-107.190170
21150.988770	-108.896942
21156.372070	-112.259850
21161.755371	-107.348328
21167.138672	-115.476212
21172.521973	-108.550163
21177.905273	-109.091637
21183.288574	-111.884850
21188.671875	-108.485809
21194.055176	-104.821968
21199.438477	-108.882690
21204.821777	-110.771217
21210.205078	-110.940132
21215.588379	-111.736145
21220.971680	-109.038010
21226.354980	-108.029449
21231.738281	-104.870537
21237.121582	-108.518822
21242.504883	-109.089226
21247.888184	-109.901382
21253.271484	-114.733238
21258.654785	-110.909073
21264.038086	-107.773422
21269.421387	-117.910774
21274.804688	-113.658821
21280.187988	-109.002327
21285.571289	-106.084274
21290.954590	-110.181664
21296.337891	-122.426506
21301.721191	-115.992447
21307.104492	-113.025917
21312.487793	-115.842010
21317.871094	-111.888832
21323.254395	-110.230309
21328.637695	-110.804863
21334.020996	-117.877350
21339.404297	-110.346718
21344.787598	-111.450394
21350.170898	-118.516510
21355.554199	-107.428246
21360.937500	-105.972519
21366.320801	-107.325424
21371.704102	-109.884506
21377.087402	-112.872368
21382.470703	-113.964172
21387.854004	-117.638779
21393.237305	-109.415833
21398.620605	-105.073479
21404.003906	-110.084312
21409.387207	-113.409752
21414.770508	-113.737457
21420.153809	-107.052971
21425.537109	-106.069145
21430.920410	-103.097214
21436.303711	-103.281799
21441.687012	-104.347458
21447.070312	-113.303650
21452.453613	-108.978752
21457.836914	-109.977631
21463.220215	-114.539055
21468.603516	-105.039650
21473.986816	-105.143333
21479.370117	-109.539368
21484.753418	-110.930046
21490.136719	-107.798386
21495.520020	-105.848289
21500.903320	-112.696182
21506.286621	-111.153503
21511.669922	-109.824905
21517.053223	-109.468750
21522.436523	-109.668907
21527.819824	-109.153206
21533.203125	-112.158333
21538.586426	-111.423950
21543.969727	-115.423363
21549.353027	-118.020332
21554.736328	-107.820122
21560.119629	-108.320709
21565.502930	-112.681290
21570.886230	-110.760994
21576.269531	-110.635170
21581.652832	-111.211090
21587.036133	-109.681137
21592.419434	-106.768410
21597.802734	-104.061668
21603.186035	-112.935226
21608.569336	-111.787216
21613.952637	-118.259018
21619.335938	-107.092018
21624.719238	-105.612122
21630.102539	-108.420738
21635.485840	-115.920746
21640.869141	-106.179283
21646.252441	-107.817650
21651.635742	-107.320450
21657.019043	-105.596275
21662.402344	-105.276482
21667.785645	-108.370132
21673.168945	-110.542168
21678.552246	-117.955627
21683.935547	-114.420578
21689.318848	-115.651909
21694.702148	-109.632401
21700.085449	-113.012787
21705.468750	-108.948494
21710.852051	-111.224083
21716.235352	-111.329346
21721.618652	-110.485954
21727.001953	-110.271660
21732.385254	-110.733391
21737.768555	-116.744431
21743.151855	-112.092659
21748.535156	-105.483360
21753.918457	-106.869423
21759.301758	-111.610756
21764.685059	-106.663498
21770.068359	-115.389038
21775.451660	-110.805328
21780.834961	-109.507416
21786.218262	-107.485153
21791.601562	-109.562096
21796.984863	-106.604111
21802.368164	-103.157280
21807.751465	-104.519279
21813.134766	-109.465721
21818.518066	-109.951965
21823.901367	-111.306519
21829.284668	-110.554443
21834.667969	-105.382027
21840.051270	-105.199699
21845.434570	-111.485336
21850.817871	-107.617569
21856.201172	-110.690094
21861.584473	-113.319206
21866.967773	-111.998039
21872.351074	-107.578949
21877.734375	-107.130539
21883.117676	-107.385269
21888.500977	-108.589447
21893.884277	-116.755241
21899.267578	-110.398697
21904.650879	-108.498367
21910.034180	-114.000282
21915.417480	-110.069855
21920.800781	-108.237404
21926.184082	-109.110336
21931.567383	-108.389984
21936.950684	-114.239761
21942.333984	-112.135117
21947.717285	-111.199791
21953.100586	-117.043434
21958.483887	-109.068626
21963.867188	-106.468475
21969.250488	-107.550682
21974.633789	-106.887428
21980.017090	-106.914055
21985.400391	-115.131401
21990.783691	-111.411171
21996.166992	-110.693245
22001.550293	-110.273293
22006.933594	-111.761635
22012.316895	-113.467125
22017.700195	-108.840805
22023.083496	-107.270340
22028.466797	-106.058586
22033.850098	-105.768723
22039.233398	-107.969124
22044.616699	-110.166252
