Frequency (Hz)	Level (dB)
5.383301	-61.732067
10.766602	-53.772884
16.149902	-57.543087
21.533203	-58.990616
26.916504	-46.087212
32.299805	-40.430729
37.683105	-38.698650
43.066406	-36.426132
48.449707	-33.181850
53.833008	-28.376162
59.216309	-23.330633
64.599609	-21.201715
69.982910	-21.135963
75.366211	-28.178194
80.749512	-42.479248
86.132812	-33.877327
91.516113	-29.980742
96.899414	-34.556519
102.282715	-24.584478
107.666016	-23.228315
113.049316	-17.207493
118.432617	-15.260224
123.815918	-16.068565
129.199219	-22.023722
134.582520	-26.901936
139.965820	-36.553810
145.349121	-33.862411
150.732422	-41.626610
156.115723	-23.603739
161.499023	-25.860842
166.882324	-38.535435
172.265625	-32.564201
177.648926	-24.740961
183.032227	-30.942619
188.415527	-25.158228
193.798828	-20.488554
199.182129	-31.197840
204.565430	-24.716290
209.948730	-28.134764
215.332031	-36.901955
220.715332	-32.566772
226.098633	-31.785515
231.481934	-32.442249
236.865234	-44.769638
242.248535	-31.053431
247.631836	-40.513577
253.015137	-33.047722
258.398438	-32.459740
263.781738	-32.426571
269.165039	-44.167625
274.548340	-38.568222
279.931641	-39.321693
285.314941	-44.595684
290.698242	-34.865570
296.081543	-40.460442
301.464844	-41.961407
306.848145	-34.029945
312.231445	-41.306625
317.614746	-43.686798
322.998047	-45.796356
328.381348	-41.812778
333.764648	-45.663090
339.147949	-40.613750
344.531250	-38.269421
349.914551	-38.507790
355.297852	-46.124908
360.681152	-51.043667
366.064453	-50.032780
371.447754	-44.785477
376.831055	-44.256657
382.214355	-33.197079
387.597656	-34.815567
392.980957	-43.533215
398.364258	-44.742126
403.747559	-46.316040
409.130859	-51.708271
414.514160	-47.256130
419.897461	-50.374714
425.280762	-45.680042
430.664062	-50.178719
436.047363	-55.870403
441.430664	-48.617176
446.813965	-57.234119
452.197266	-52.623234
457.580566	-58.092098
462.963867	-49.351364
468.347168	-48.135323
473.730469	-52.531906
479.113770	-56.870876
484.497070	-49.322674
489.880371	-47.303371
495.263672	-51.161564
500.646973	-44.062286
506.030273	-48.724812
511.413574	-56.671310
516.796875	-51.391647
522.180176	-56.221191
527.563477	-54.313046
532.946777	-72.135849
538.330078	-55.873413
543.713379	-49.225056
549.096680	-41.862793
554.479980	-44.511894
559.863281	-56.185421
565.246582	-53.400696
570.629883	-55.061695
576.013184	-49.054882
581.396484	-57.547890
586.779785	-54.665310
592.163086	-58.721909
597.546387	-45.232349
602.929688	-50.532124
608.312988	-57.546440
613.696289	-65.758621
619.079590	-56.318375
624.462891	-53.689915
629.846191	-58.784901
635.229492	-59.699932
640.612793	-59.273754
645.996094	-58.382370
651.379395	-53.858482
656.762695	-52.709797
662.145996	-54.583839
667.529297	-61.702137
672.912598	-56.325657
678.295898	-58.649704
683.679199	-58.985317
689.062500	-58.510685
694.445801	-59.036983
699.829102	-61.327534
705.212402	-62.899925
710.595703	-51.416664
715.979004	-53.217403
721.362305	-55.985706
726.745605	-52.289192
732.128906	-57.227131
737.512207	-56.436668
742.895508	-64.938026
748.278809	-59.009579
753.662109	-63.610313
759.045410	-55.274158
764.428711	-52.165474
769.812012	-59.332058
775.195312	-56.269810
780.578613	-58.098557
785.961914	-56.343590
791.345215	-53.913216
796.728516	-55.988216
802.111816	-56.160732
807.495117	-58.326416
812.878418	-60.218735
818.261719	-68.787697
823.645020	-57.949200
829.028320	-56.603077
834.411621	-73.413872
839.794922	-66.453430
845.178223	-59.754730
850.561523	-57.092422
855.944824	-64.193810
861.328125	-67.765511
866.711426	-71.384987
872.094727	-66.101456
877.478027	-53.220146
882.861328	-57.235077
888.244629	-59.994537
893.627930	-57.147053
899.011230	-61.703880
904.394531	-62.182114
909.777832	-68.120605
915.161133	-70.899300
920.544434	-73.739166
925.927734	-62.601517
931.311035	-60.412800
936.694336	-59.478218
942.077637	-61.588478
947.460938	-57.671593
952.844238	-62.629120
958.227539	-62.733887
963.610840	-57.404842
968.994141	-57.034164
974.377441	-68.877411
979.760742	-73.352402
985.144043	-65.223557
990.527344	-73.886719
995.910645	-60.384537
1001.293945	-57.388050
1006.677246	-61.042194
1012.060547	-56.311264
1017.443848	-72.703613
1022.827148	-71.518463
1028.210449	-68.481522
1033.593750	-63.818794
1038.977051	-64.559937
1044.360352	-67.411674
1049.743652	-73.160988
1055.126953	-74.343781
1060.510254	-82.524719
1065.893555	-87.246666
1071.276855	-69.644669
1076.660156	-62.919006
1082.043457	-59.327229
1087.426758	-57.100101
1092.810059	-56.638412
1098.193359	-56.854980
1103.576660	-59.517448
1108.959961	-58.863220
1114.343262	-60.293468
1119.726562	-57.009510
1125.109863	-60.088181
1130.493164	-65.394485
1135.876465	-64.685402
1141.259766	-64.441994
1146.643066	-66.625343
1152.026367	-73.464912
1157.409668	-67.699745
1162.792969	-66.262909
1168.176270	-63.674267
1173.559570	-80.094849
1178.942871	-64.331718
1184.326172	-60.976147
1189.709473	-69.374428
1195.092773	-69.759506
1200.476074	-64.891075
1205.859375	-58.964981
1211.242676	-58.685520
1216.625977	-61.272575
1222.009277	-65.325935
1227.392578	-64.496002
1232.775879	-61.790249
1238.159180	-64.881279
1243.542480	-67.810608
1248.925781	-77.911697
1254.309082	-82.385117
1259.692383	-66.656464
1265.075684	-67.555168
1270.458984	-63.040134
1275.842285	-62.276562
1281.225586	-68.669388
1286.608887	-78.045929
1291.992188	-66.397247
1297.375488	-66.223190
1302.758789	-69.919983
1308.142090	-58.690361
1313.525391	-57.634918
1318.908691	-66.152321
1324.291992	-70.103310
1329.675293	-65.723831
1335.058594	-66.428352
1340.441895	-64.338554
1345.825195	-69.157166
1351.208496	-64.107643
1356.591797	-61.264751
1361.975098	-70.850121
1367.358398	-72.050529
1372.741699	-65.867142
1378.125000	-71.603386
1383.508301	-70.398033
1388.891602	-66.950966
1394.274902	-73.869186
1399.658203	-78.087135
1405.041504	-63.560841
1410.424805	-67.290543
1415.808105	-62.789612
1421.191406	-63.680401
1426.574707	-76.166962
1431.958008	-68.455490
1437.341309	-67.632912
1442.724609	-66.673843
1448.107910	-67.029526
1453.491211	-65.299309
1458.874512	-59.234924
1464.257812	-61.840107
1469.641113	-63.798771
1475.024414	-66.092850
1480.407715	-67.183632
1485.791016	-63.931541
1491.174316	-68.960327
1496.557617	-80.215988
1501.940918	-74.647606
1507.324219	-69.816414
1512.707520	-73.102852
1518.090820	-85.050606
1523.474121	-70.514854
1528.857422	-73.155228
1534.240723	-67.991798
1539.624023	-66.791611
1545.007324	-68.973175
1550.390625	-76.822502
1555.773926	-74.146332
1561.157227	-72.688293
1566.540527	-63.970997
1571.923828	-60.366669
1577.307129	-64.908859
1582.690430	-68.291901
1588.073730	-83.678932
1593.457031	-66.547066
1598.840332	-66.632301
1604.223633	-66.647957
1609.606934	-60.064178
1614.990234	-64.094330
1620.373535	-63.784462
1625.756836	-65.349068
1631.140137	-71.348274
1636.523438	-68.349014
1641.906738	-68.585403
1647.290039	-68.965408
1652.673340	-74.426453
1658.056641	-74.700760
1663.439941	-66.285675
1668.823242	-71.602791
1674.206543	-66.895363
1679.589844	-69.069771
1684.973145	-70.044762
1690.356445	-70.431602
1695.739746	-64.006088
1701.123047	-63.536152
1706.506348	-62.968540
1711.889648	-68.415039
1717.272949	-71.284744
1722.656250	-60.275936
1728.039551	-60.459324
1733.422852	-62.016289
1738.806152	-70.453484
1744.189453	-60.195751
1749.572754	-58.070568
1754.956055	-60.358551
1760.339355	-58.766556
1765.722656	-58.050365
1771.105957	-60.885689
1776.489258	-79.444702
1781.872559	-66.599037
1787.255859	-68.015228
1792.639160	-71.707047
1798.022461	-72.859894
1803.405762	-82.917397
1808.789062	-76.056145
1814.172363	-62.211521
1819.555664	-57.758583
1824.938965	-59.122402
1830.322266	-67.294968
1835.705566	-68.614815
1841.088867	-70.285866
1846.472168	-72.009933
1851.855469	-84.050949
1857.238770	-79.855392
1862.622070	-73.222649
1868.005371	-78.162430
1873.388672	-72.098137
1878.771973	-78.817017
1884.155273	-65.523056
1889.538574	-56.770000
1894.921875	-56.215034
1900.305176	-61.395214
1905.688477	-77.495697
1911.071777	-69.051575
1916.455078	-62.816837
1921.838379	-70.182854
1927.221680	-62.210285
1932.604980	-60.990524
1937.988281	-67.285637
1943.371582	-61.628601
1948.754883	-63.710667
1954.138184	-61.894882
1959.521484	-59.573734
1964.904785	-74.949257
1970.288086	-68.455177
1975.671387	-72.374535
1981.054688	-64.675507
1986.437988	-63.991558
1991.821289	-59.333374
1997.204590	-66.442467
2002.587891	-67.248650
2007.971191	-71.686974
2013.354492	-80.722404
2018.737793	-61.352173
2024.121094	-62.176231
2029.504395	-70.708939
2034.887695	-70.009964
2040.270996	-82.399956
2045.654297	-71.852448
2051.037598	-71.826241
2056.420898	-69.284775
2061.804199	-73.631477
2067.187500	-60.234783
2072.570801	-63.000576
2077.954102	-66.167786
2083.337402	-73.610802
2088.720703	-74.673828
2094.104004	-71.495415
2099.487305	-70.072937
2104.870605	-66.855202
2110.253906	-62.141701
2115.637207	-60.217514
2121.020508	-62.288570
2126.403809	-70.095146
2131.787109	-75.967560
2137.170410	-62.058655
2142.553711	-62.848377
2147.937012	-68.621185
2153.320312	-65.477585
2158.703613	-63.555599
2164.086914	-69.064827
2169.470215	-69.803841
2174.853516	-85.306183
2180.236816	-71.282997
2185.620117	-70.059227
2191.003418	-70.526581
2196.386719	-68.675438
2201.770020	-66.026978
2207.153320	-57.942047
2212.536621	-62.312340
2217.919922	-72.731712
2223.303223	-78.199478
2228.686523	-76.892426
2234.069824	-68.833900
2239.453125	-64.729858
2244.836426	-67.290665
2250.219727	-62.000965
2255.603027	-62.561413
2260.986328	-70.498108
2266.369629	-60.949245
2271.752930	-60.475582
2277.136230	-67.867355
2282.519531	-79.769028
2287.902832	-71.268196
2293.286133	-69.614944
2298.669434	-75.567764
2304.052734	-76.764053
2309.436035	-66.751038
2314.819336	-62.265656
2320.202637	-66.219803
2325.585938	-70.371399
2330.969238	-77.968040
2336.352539	-67.205193
2341.735840	-63.940380
2347.119141	-79.150291
2352.502441	-71.598526
2357.885742	-80.308678
2363.269043	-80.374626
2368.652344	-74.174149
2374.035645	-72.415764
2379.418945	-75.684280
2384.802246	-75.540680
2390.185547	-70.160210
2395.568848	-69.265869
2400.952148	-64.976265
2406.335449	-62.725906
2411.718750	-63.924736
2417.102051	-64.145699
2422.485352	-73.294342
2427.868652	-67.826271
2433.251953	-67.693390
2438.635254	-83.845726
2444.018555	-68.130753
2449.401855	-60.136635
2454.785156	-60.772507
2460.168457	-64.910919
2465.551758	-65.169823
2470.935059	-85.042137
2476.318359	-68.441849
2481.701660	-68.925354
2487.084961	-73.255684
2492.468262	-69.040512
2497.851562	-66.092003
2503.234863	-67.127907
2508.618164	-65.387573
2514.001465	-64.744026
2519.384766	-63.325134
2524.768066	-69.750145
2530.151367	-71.411255
2535.534668	-73.261337
2540.917969	-79.579094
2546.301270	-68.212730
2551.684570	-63.793415
2557.067871	-61.929424
2562.451172	-59.640335
2567.834473	-60.837223
2573.217773	-64.933167
2578.601074	-71.182457
2583.984375	-69.873436
2589.367676	-81.265289
2594.750977	-89.828323
2600.134277	-74.382195
2605.517578	-73.632042
2610.900879	-77.560120
2616.284180	-68.986038
2621.667480	-75.789841
2627.050781	-68.898224
2632.434082	-65.324295
2637.817383	-58.941811
2643.200684	-59.763062
2648.583984	-74.234383
2653.967285	-76.551483
2659.350586	-80.696510
2664.733887	-78.781693
2670.117188	-72.808792
2675.500488	-68.828461
2680.883789	-71.980476
2686.267090	-79.487473
2691.650391	-76.536232
2697.033691	-68.828011
2702.416992	-67.253716
2707.800293	-68.992218
2713.183594	-69.307175
2718.566895	-72.180954
2723.950195	-74.624344
2729.333496	-73.679321
2734.716797	-60.552952
2740.100098	-61.539906
2745.483398	-61.234760
2750.866699	-59.650620
2756.250000	-68.863472
2761.633301	-65.104630
2767.016602	-62.738316
2772.399902	-67.340034
2777.783203	-72.566376
2783.166504	-85.080101
2788.549805	-65.550102
2793.933105	-70.630135
2799.316406	-68.595047
2804.699707	-69.856583
2810.083008	-79.541283
2815.466309	-70.725311
2820.849609	-83.012871
2826.232910	-73.035843
2831.616211	-65.449760
2836.999512	-78.417992
2842.382812	-65.968445
2847.766113	-72.027435
2853.149414	-78.675850
2858.532715	-70.421120
2863.916016	-66.600357
2869.299316	-62.916958
2874.682617	-68.385826
2880.065918	-64.302437
2885.449219	-61.964455
2890.832520	-69.175339
2896.215820	-75.215080
2901.599121	-66.047546
2906.982422	-70.920341
2912.365723	-78.431725
2917.749023	-85.665741
2923.132324	-69.991844
2928.515625	-73.369537
2933.898926	-65.868858
2939.282227	-62.167622
2944.665527	-57.320988
2950.048828	-59.590393
2955.432129	-57.914757
2960.815430	-59.357059
2966.198730	-62.648914
2971.582031	-67.562920
2976.965332	-60.745262
2982.348633	-70.362762
2987.731934	-63.155930
2993.115234	-70.599312
2998.498535	-75.016380
3003.881836	-85.994858
3009.265137	-77.457893
3014.648438	-72.262924
3020.031738	-80.179916
3025.415039	-76.554741
3030.798340	-66.577385
3036.181641	-62.987400
3041.564941	-63.286209
3046.948242	-71.250061
3052.331543	-80.558456
3057.714844	-70.006989
3063.098145	-71.430748
3068.481445	-68.206520
3073.864746	-61.021484
3079.248047	-57.479725
3084.631348	-57.533627
3090.014648	-63.159241
3095.397949	-70.233383
3100.781250	-74.737610
3106.164551	-71.394676
3111.547852	-71.962646
3116.931152	-65.678162
3122.314453	-57.881912
3127.697754	-58.525799
3133.081055	-62.966228
3138.464355	-71.720673
3143.847656	-60.742176
3149.230957	-61.160908
3154.614258	-72.566185
3159.997559	-74.358315
3165.380859	-63.347462
3170.764160	-62.630272
3176.147461	-62.195152
3181.530762	-59.925167
3186.914062	-58.438084
3192.297363	-67.944092
3197.680664	-65.093788
3203.063965	-73.412598
3208.447266	-65.221687
3213.830566	-68.413765
3219.213867	-69.053474
3224.597168	-73.292953
3229.980469	-57.649994
3235.363770	-57.969852
3240.747070	-48.546223
3246.130371	-53.293491
3251.513672	-62.707355
3256.896973	-58.924252
3262.280273	-64.211487
3267.663574	-78.288551
3273.046875	-63.581882
3278.430176	-58.942432
3283.813477	-62.828709
3289.196777	-72.883476
3294.580078	-91.187714
3299.963379	-70.886070
3305.346680	-74.985298
3310.729980	-80.061066
3316.113281	-67.407272
3321.496582	-66.772095
3326.879883	-89.556206
3332.263184	-73.213188
3337.646484	-64.883598
3343.029785	-69.668335
3348.413086	-77.832146
3353.796387	-70.424339
3359.179688	-61.555931
3364.562988	-65.867104
3369.946289	-66.320602
3375.329590	-66.761765
3380.712891	-66.482712
3386.096191	-74.350235
3391.479492	-76.951935
3396.862793	-67.743050
3402.246094	-63.449745
3407.629395	-67.771881
3413.012695	-75.584610
3418.395996	-64.889656
3423.779297	-62.495110
3429.162598	-66.730537
3434.545898	-72.754784
3439.929199	-72.977425
3445.312500	-82.971779
3450.695801	-80.130684
3456.079102	-74.064621
3461.462402	-72.084480
3466.845703	-72.615608
3472.229004	-76.770309
3477.612305	-83.563828
3482.995605	-95.909172
3488.378906	-87.368401
3493.762207	-85.884499
3499.145508	-75.268250
3504.528809	-63.286106
3509.912109	-63.766991
3515.295410	-64.779137
3520.678711	-61.390141
3526.062012	-68.622452
3531.445312	-81.368797
3536.828613	-71.257217
3542.211914	-65.168304
3547.595215	-65.252457
3552.978516	-66.611343
3558.361816	-72.130600
3563.745117	-78.413757
3569.128418	-68.590355
3574.511719	-66.960770
3579.895020	-77.883949
3585.278320	-81.612122
3590.661621	-76.989517
3596.044922	-75.388664
3601.428223	-73.296204
3606.811523	-67.357117
3612.194824	-67.255432
3617.578125	-70.744278
3622.961426	-74.248177
3628.344727	-60.699856
3633.728027	-60.144096
3639.111328	-64.285202
3644.494629	-62.672005
3649.877930	-65.237183
3655.261230	-61.810242
3660.644531	-53.281197
3666.027832	-53.703236
3671.411133	-67.553917
3676.794434	-68.581253
3682.177734	-66.511932
3687.561035	-60.682964
3692.944336	-64.213074
3698.327637	-77.252396
3703.710938	-64.030716
3709.094238	-67.583778
3714.477539	-61.854065
3719.860840	-60.786625
3725.244141	-68.408127
3730.627441	-63.620506
3736.010742	-69.531517
3741.394043	-66.639153
3746.777344	-60.992504
3752.160645	-62.761639
3757.543945	-70.070343
3762.927246	-64.078445
3768.310547	-72.228897
3773.693848	-62.610901
3779.077148	-58.643894
3784.460449	-63.669048
3789.843750	-86.680267
3795.227051	-64.104889
3800.610352	-60.985867
3805.993652	-69.373573
3811.376953	-77.618919
3816.760254	-68.379234
3822.143555	-66.010773
3827.526855	-62.901207
3832.910156	-65.156029
3838.293457	-60.880783
3843.676758	-72.692169
3849.060059	-59.831921
3854.443359	-59.845333
3859.826660	-59.593765
3865.209961	-61.877419
3870.593262	-66.633415
3875.976562	-70.917717
3881.359863	-61.859055
3886.743164	-62.008705
3892.126465	-68.073639
3897.509766	-61.385563
3902.893066	-59.210381
3908.276367	-59.648922
3913.659668	-59.418152
3919.042969	-57.029987
3924.426270	-73.846024
3929.809570	-63.370346
3935.192871	-64.292503
3940.576172	-62.070969
3945.959473	-63.186993
3951.342773	-60.820187
3956.726074	-58.555565
3962.109375	-59.135494
3967.492676	-54.979698
3972.875977	-66.742401
3978.259277	-59.326046
3983.642578	-62.368454
3989.025879	-65.473877
3994.409180	-65.961258
3999.792480	-70.970497
4005.175781	-75.202698
4010.559082	-75.698616
4015.942383	-75.285316
4021.325684	-65.184669
4026.708984	-63.168808
4032.092285	-64.829483
4037.475586	-59.372406
4042.858887	-57.751961
4048.242188	-56.754074
4053.625488	-57.606781
4059.008789	-61.695766
4064.392090	-69.021347
4069.775391	-59.009903
4075.158691	-59.907326
4080.541992	-61.133373
4085.925293	-54.601631
4091.308594	-62.673611
4096.691895	-73.652351
4102.075195	-74.529594
4107.458496	-75.857529
4112.841797	-80.420135
4118.225098	-67.751457
4123.608398	-69.251129
4128.991699	-80.551872
4134.375000	-77.544716
4139.758301	-82.503677
4145.141602	-79.910583
4150.524902	-69.514008
4155.908203	-68.439560
4161.291504	-60.517002
4166.674805	-56.915504
4172.058105	-66.229584
4177.441406	-64.391472
4182.824707	-65.076843
4188.208008	-68.878357
4193.591309	-63.528809
4198.974609	-66.087402
4204.357910	-64.508469
4209.741211	-62.536179
4215.124512	-68.560005
4220.507812	-71.205215
4225.891113	-68.037163
4231.274414	-69.411667
4236.657715	-64.534836
4242.041016	-70.174217
4247.424316	-80.441307
4252.807617	-75.610222
4258.190918	-65.193352
4263.574219	-68.051140
4268.957520	-57.877708
4274.340820	-56.895119
4279.724121	-65.261749
4285.107422	-59.598907
4290.490723	-55.996712
4295.874023	-52.935314
4301.257324	-59.274834
4306.640625	-57.818226
4312.023926	-64.465843
4317.407227	-74.652687
4322.790527	-79.745285
4328.173828	-81.408020
4333.557129	-72.017860
4338.940430	-69.714149
4344.323730	-67.213417
4349.707031	-63.649998
4355.090332	-62.150639
4360.473633	-67.056831
4365.856934	-66.841759
4371.240234	-64.886719
4376.623535	-63.612854
4382.006836	-65.926155
4387.390137	-64.839287
4392.773438	-60.750534
4398.156738	-63.399738
4403.540039	-67.712746
4408.923340	-60.435062
4414.306641	-64.810844
4419.689941	-61.606846
4425.073242	-62.843613
4430.456543	-64.898849
4435.839844	-64.493668
4441.223145	-60.239632
4446.606445	-55.594093
4451.989746	-58.418102
4457.373047	-60.005596
4462.756348	-60.684017
4468.139648	-68.900787
4473.522949	-63.042450
4478.906250	-64.966232
4484.289551	-73.298813
4489.672852	-66.819069
4495.056152	-66.721680
4500.439453	-82.029968
4505.822754	-78.267265
4511.206055	-72.585724
4516.589355	-64.671265
4521.972656	-63.646679
4527.355957	-68.842728
4532.739258	-78.555939
4538.122559	-77.924057
4543.505859	-72.688148
4548.889160	-69.498337
4554.272461	-65.033936
4559.655762	-63.134373
4565.039062	-66.808807
4570.422363	-77.825485
4575.805664	-65.785660
4581.188965	-59.435329
4586.572266	-55.481709
4591.955566	-52.757061
4597.338867	-58.042530
4602.722168	-57.963989
4608.105469	-56.745495
4613.488770	-60.564468
4618.872070	-73.605782
4624.255371	-60.301666
4629.638672	-59.100113
4635.021973	-66.271301
4640.405273	-65.395470
4645.788574	-60.526871
4651.171875	-57.374855
4656.555176	-53.519051
4661.938477	-55.484360
4667.321777	-58.373032
4672.705078	-62.321407
4678.088379	-67.013054
4683.471680	-75.944183
4688.854980	-60.303112
4694.238281	-59.047451
4699.621582	-66.513618
4705.004883	-71.629974
4710.388184	-63.297337
4715.771484	-62.865913
4721.154785	-66.525673
4726.538086	-70.296211
4731.921387	-73.612694
4737.304688	-70.727386
4742.687988	-67.786354
4748.071289	-67.052284
4753.454590	-68.597374
4758.837891	-64.189362
4764.221191	-62.170670
4769.604492	-58.072346
4774.987793	-61.575039
4780.371094	-64.848175
4785.754395	-63.550411
4791.137695	-88.840538
4796.520996	-71.571457
4801.904297	-71.320023
4807.287598	-67.218292
4812.670898	-66.548271
4818.054199	-66.682953
4823.437500	-61.098869
4828.820801	-57.480118
4834.204102	-58.879559
4839.587402	-62.436020
4844.970703	-65.421242
4850.354004	-71.535408
4855.737305	-68.436234
4861.120605	-78.209785
4866.503906	-67.315956
4871.887207	-70.887550
4877.270508	-74.011765
4882.653809	-67.880669
4888.037109	-73.876991
4893.420410	-69.298660
4898.803711	-62.023655
4904.187012	-61.166134
4909.570312	-65.287399
4914.953613	-58.900646
4920.336914	-55.058239
4925.720215	-57.626495
4931.103516	-63.954723
4936.486816	-63.054684
4941.870117	-65.194511
4947.253418	-69.585991
4952.636719	-70.792015
4958.020020	-74.996597
4963.403320	-69.247520
4968.786621	-58.789589
4974.169922	-63.364479
4979.553223	-65.133003
4984.936523	-58.693211
4990.319824	-58.829678
4995.703125	-61.743244
5001.086426	-59.370075
5006.469727	-63.064949
5011.853027	-63.202137
5017.236328	-62.813213
5022.619629	-70.026123
5028.002930	-63.427471
5033.386230	-61.517761
5038.769531	-62.411999
5044.152832	-65.828758
5049.536133	-70.285378
5054.919434	-69.158043
5060.302734	-66.299789
5065.686035	-71.022713
5071.069336	-77.303619
5076.452637	-69.800095
5081.835938	-65.149437
5087.219238	-68.392303
5092.602539	-66.420135
5097.985840	-66.287323
5103.369141	-64.683113
5108.752441	-65.900429
5114.135742	-78.228096
5119.519043	-78.090233
5124.902344	-83.982880
5130.285645	-75.425148
5135.668945	-75.950920
5141.052246	-74.747696
5146.435547	-70.940590
5151.818848	-68.978020
5157.202148	-68.770531
5162.585449	-82.622177
5167.968750	-70.222878
5173.352051	-70.018700
5178.735352	-75.146111
5184.118652	-71.519096
5189.501953	-69.206947
5194.885254	-68.949158
5200.268555	-67.802017
5205.651855	-65.934540
5211.035156	-78.126259
5216.418457	-71.305313
5221.801758	-65.794373
5227.185059	-67.161621
5232.568359	-63.998821
5237.951660	-60.697502
5243.334961	-58.912437
5248.718262	-61.740757
5254.101562	-71.071106
5259.484863	-80.430786
5264.868164	-70.266670
5270.251465	-67.256516
5275.634766	-65.713776
5281.018066	-69.203133
5286.401367	-66.933540
5291.784668	-61.050991
5297.167969	-62.267017
5302.551270	-75.654457
5307.934570	-75.342834
5313.317871	-77.370872
5318.701172	-72.054718
5324.084473	-71.569901
5329.467773	-75.652763
5334.851074	-79.095573
5340.234375	-79.548645
5345.617676	-76.597580
5351.000977	-70.374207
5356.384277	-75.628059
5361.767578	-76.780060
5367.150879	-66.365021
5372.534180	-61.639969
5377.917480	-62.456337
5383.300781	-62.937153
5388.684082	-64.696182
5394.067383	-65.069359
5399.450684	-71.674515
5404.833984	-67.829147
5410.217285	-68.167603
5415.600586	-77.899841
5420.983887	-65.100746
5426.367188	-63.551991
5431.750488	-64.386139
5437.133789	-62.588936
5442.517090	-63.760853
5447.900391	-69.444588
5453.283691	-61.008167
5458.666992	-60.347931
5464.050293	-64.553947
5469.433594	-66.396751
5474.816895	-74.879555
5480.200195	-70.111389
5485.583496	-59.792412
5490.966797	-59.795303
5496.350098	-63.247807
5501.733398	-64.955269
5507.116699	-64.322418
5512.500000	-61.942577
5517.883301	-62.982937
5523.266602	-66.051674
5528.649902	-67.488029
5534.033203	-62.940605
5539.416504	-61.151825
5544.799805	-61.635597
5550.183105	-63.840023
5555.566406	-67.208565
5560.949707	-62.084583
5566.333008	-56.337513
5571.716309	-71.703720
5577.099609	-85.935310
5582.482910	-75.791199
5587.866211	-60.736526
5593.249512	-65.205475
5598.632812	-64.632179
5604.016113	-61.513622
5609.399414	-65.552444
5614.782715	-71.912399
5620.166016	-72.433983
5625.549316	-69.413696
5630.932617	-68.532669
5636.315918	-68.314537
5641.699219	-78.707954
5647.082520	-81.207977
5652.465820	-66.648903
5657.849121	-69.814171
5663.232422	-66.274055
5668.615723	-64.055061
5673.999023	-70.732544
5679.382324	-69.485001
5684.765625	-65.353020
5690.148926	-65.230530
5695.532227	-75.918663
5700.915527	-74.219643
5706.298828	-70.877930
5711.682129	-67.552628
5717.065430	-77.072464
5722.448730	-71.437157
5727.832031	-67.761917
5733.215332	-61.732708
5738.598633	-66.740471
5743.981934	-70.404381
5749.365234	-64.205940
5754.748535	-65.905762
5760.131836	-63.966152
5765.515137	-64.611847
5770.898438	-76.616661
5776.281738	-58.012608
5781.665039	-57.905132
5787.048340	-60.750595
5792.431641	-61.185120
5797.814941	-63.030968
5803.198242	-66.335770
5808.581543	-59.501942
5813.964844	-59.513634
5819.348145	-69.996002
5824.731445	-63.359020
5830.114746	-66.719360
5835.498047	-66.655792
5840.881348	-67.258797
5846.264648	-64.462921
5851.647949	-64.179451
5857.031250	-65.702049
5862.414551	-64.721458
5867.797852	-66.140320
5873.181152	-66.870392
5878.564453	-63.857243
5883.947754	-63.453331
5889.331055	-69.227570
5894.714355	-64.791382
5900.097656	-61.757717
5905.480957	-65.187386
5910.864258	-80.402634
5916.247559	-65.417061
5921.630859	-61.308018
5927.014160	-65.310310
5932.397461	-66.239464
5937.780762	-60.275597
5943.164062	-58.721584
5948.547363	-65.143723
5953.930664	-68.837769
5959.313965	-65.670296
5964.697266	-67.912079
5970.080566	-63.709991
5975.463867	-58.503510
5980.847168	-61.806641
5986.230469	-76.881653
5991.613770	-80.072289
5996.997070	-64.188095
6002.380371	-59.604870
6007.763672	-57.222256
6013.146973	-59.618851
6018.530273	-71.587166
6023.913574	-61.720131
6029.296875	-66.518684
6034.680176	-70.874725
6040.063477	-70.147934
6045.446777	-66.370079
6050.830078	-75.679642
6056.213379	-67.823921
6061.596680	-68.323608
6066.979980	-65.893898
6072.363281	-68.457741
6077.746582	-79.081337
6083.129883	-77.640839
6088.513184	-73.683098
6093.896484	-69.931496
6099.279785	-66.157379
6104.663086	-71.264114
6110.046387	-74.674767
6115.429688	-72.643166
6120.812988	-69.771072
6126.196289	-66.016258
6131.579590	-59.064434
6136.962891	-58.257038
6142.346191	-60.734135
6147.729492	-63.913166
6153.112793	-70.246567
6158.496094	-60.895985
6163.879395	-66.407753
6169.262695	-60.084808
6174.645996	-63.130707
6180.029297	-60.525341
6185.412598	-68.293510
6190.795898	-70.938866
6196.179199	-63.324924
6201.562500	-66.252640
6206.945801	-62.531609
6212.329102	-61.573071
6217.712402	-60.392094
6223.095703	-59.752785
6228.479004	-75.930229
6233.862305	-67.451591
6239.245605	-67.581535
6244.628906	-71.034737
6250.012207	-66.392212
6255.395508	-63.206879
6260.778809	-63.665649
6266.162109	-62.372437
6271.545410	-63.906933
6276.928711	-82.475288
6282.312012	-70.390007
6287.695312	-69.622551
6293.078613	-73.669746
6298.461914	-69.706184
6303.845215	-72.325142
6309.228516	-79.375847
6314.611816	-70.772804
6319.995117	-74.931999
6325.378418	-70.768738
6330.761719	-74.491287
6336.145020	-79.925552
6341.528320	-77.569481
6346.911621	-71.862053
6352.294922	-70.973160
6357.678223	-75.266167
6363.061523	-71.022827
6368.444824	-67.735970
6373.828125	-70.636856
6379.211426	-73.358498
6384.594727	-75.987923
6389.978027	-75.274406
6395.361328	-74.745636
6400.744629	-76.928513
6406.127930	-80.372353
6411.511230	-81.384766
6416.894531	-77.445526
6422.277832	-71.319572
6427.661133	-72.977196
6433.044434	-87.913033
6438.427734	-87.791504
6443.811035	-69.653488
6449.194336	-66.562248
6454.577637	-69.099022
6459.960938	-66.867424
6465.344238	-67.982430
6470.727539	-72.998108
6476.110840	-67.111229
6481.494141	-66.739471
6486.877441	-75.908638
6492.260742	-77.788147
6497.644043	-74.954422
6503.027344	-87.390747
6508.410645	-62.374104
6513.793945	-62.388256
6519.177246	-64.824883
6524.560547	-68.450447
6529.943848	-71.042618
6535.327148	-68.218285
6540.710449	-65.121918
6546.093750	-72.118576
6551.477051	-71.885422
6556.860352	-82.070145
6562.243652	-78.401932
6567.626953	-72.507042
6573.010254	-77.717293
6578.393555	-70.469566
6583.776855	-64.365097
6589.160156	-59.332249
6594.543457	-61.069027
6599.926758	-65.824661
6605.310059	-87.970573
6610.693359	-62.513229
6616.076660	-64.027260
6621.459961	-84.021095
6626.843262	-68.021858
6632.226562	-68.585686
6637.609863	-68.479965
6642.993164	-67.762596
6648.376465	-70.522591
6653.759766	-79.773468
6659.143066	-74.832466
6664.526367	-72.263199
6669.909668	-69.644615
6675.292969	-70.158478
6680.676270	-76.984703
6686.059570	-73.464966
6691.442871	-69.038307
6696.826172	-81.244606
6702.209473	-74.963066
6707.592773	-83.770729
6712.976074	-75.562500
6718.359375	-67.787720
6723.742676	-68.487419
6729.125977	-87.110992
6734.509277	-70.136818
6739.892578	-73.941246
6745.275879	-60.143402
6750.659180	-63.416866
6756.042480	-61.078102
6761.425781	-62.451530
6766.809082	-71.664970
6772.192383	-72.537895
6777.575684	-75.920807
6782.958984	-76.512314
6788.342285	-75.820892
6793.725586	-70.022240
6799.108887	-82.737572
6804.492188	-68.730797
6809.875488	-63.536903
6815.258789	-65.679688
6820.642090	-68.497742
6826.025391	-69.131187
6831.408691	-72.030769
6836.791992	-70.110985
6842.175293	-66.050056
6847.558594	-72.386520
6852.941895	-66.532425
6858.325195	-66.661491
6863.708496	-65.948326
6869.091797	-62.650932
6874.475098	-67.147537
6879.858398	-75.882271
6885.241699	-69.863571
6890.625000	-66.610970
6896.008301	-67.073593
6901.391602	-67.925133
6906.774902	-63.129364
6912.158203	-67.435616
6917.541504	-73.582558
6922.924805	-66.830818
6928.308105	-72.492058
6933.691406	-74.347572
6939.074707	-78.618965
6944.458008	-70.314125
6949.841309	-72.411423
6955.224609	-81.123238
6960.607910	-83.055824
6965.991211	-71.181946
6971.374512	-70.450165
6976.757812	-77.804459
6982.141113	-74.148277
6987.524414	-63.560852
6992.907715	-67.180504
6998.291016	-71.897095
7003.674316	-79.771477
7009.057617	-78.320374
7014.440918	-78.285378
7019.824219	-83.663200
7025.207520	-84.371811
7030.590820	-81.093773
7035.974121	-82.801338
7041.357422	-85.184235
7046.740723	-73.153114
7052.124023	-75.005898
7057.507324	-82.683884
7062.890625	-76.339211
7068.273926	-72.497742
7073.657227	-78.014221
7079.040527	-79.724823
7084.423828	-75.364403
7089.807129	-76.449158
7095.190430	-74.774590
7100.573730	-72.319031
7105.957031	-70.095787
7111.340332	-70.574081
7116.723633	-73.384338
7122.106934	-73.779350
7127.490234	-63.454205
7132.873535	-64.599724
7138.256836	-70.851494
7143.640137	-70.472984
7149.023438	-68.840424
7154.406738	-72.436523
7159.790039	-80.013649
7165.173340	-87.641365
7170.556641	-82.419624
7175.939941	-80.848091
7181.323242	-81.195595
7186.706543	-75.340721
7192.089844	-72.820221
7197.473145	-75.139427
7202.856445	-71.647392
7208.239746	-66.231483
7213.623047	-66.592735
7219.006348	-69.530624
7224.389648	-80.697990
7229.772949	-87.886131
7235.156250	-82.330383
7240.539551	-78.528244
7245.922852	-87.241646
7251.306152	-75.232910
7256.689453	-81.539833
7262.072754	-74.274048
7267.456055	-73.848557
7272.839355	-79.856148
7278.222656	-77.948174
7283.605957	-68.594017
7288.989258	-68.588593
7294.372559	-71.998398
7299.755859	-72.502846
7305.139160	-71.172142
7310.522461	-73.942993
7315.905762	-74.777885
7321.289062	-77.410591
7326.672363	-80.003716
7332.055664	-99.634712
7337.438965	-75.920670
7342.822266	-71.801285
7348.205566	-76.540627
7353.588867	-77.482231
7358.972168	-72.243340
7364.355469	-64.347847
7369.738770	-65.833794
7375.122070	-80.859039
7380.505371	-75.199135
7385.888672	-74.991890
7391.271973	-72.199318
7396.655273	-68.659546
7402.038574	-68.976730
7407.421875	-78.434303
7412.805176	-77.653801
7418.188477	-71.817093
7423.571777	-78.125351
7428.955078	-72.891800
7434.338379	-74.026215
7439.721680	-74.953529
7445.104980	-68.014763
7450.488281	-64.680016
7455.871582	-70.076416
7461.254883	-72.217407
7466.638184	-76.184258
7472.021484	-71.493507
7477.404785	-69.010361
7482.788086	-68.566536
7488.171387	-74.669945
7493.554688	-80.419167
7498.937988	-74.567726
7504.321289	-78.688026
7509.704590	-72.385193
7515.087891	-70.501961
7520.471191	-73.177162
7525.854492	-71.639320
7531.237793	-74.006836
7536.621094	-74.229691
7542.004395	-66.354950
7547.387695	-67.566750
7552.770996	-68.205940
7558.154297	-71.230652
7563.537598	-79.464920
7568.920898	-69.847275
7574.304199	-72.109505
7579.687500	-72.242401
7585.070801	-72.768288
7590.454102	-77.802589
7595.837402	-87.366570
7601.220703	-80.393974
7606.604004	-79.783066
7611.987305	-74.540375
7617.370605	-73.353577
7622.753906	-76.076607
7628.137207	-78.339050
7633.520508	-74.376488
7638.903809	-72.719650
7644.287109	-67.659248
7649.670410	-70.054977
7655.053711	-77.054276
7660.437012	-76.277206
7665.820312	-71.267746
7671.203613	-71.703064
7676.586914	-79.038712
7681.970215	-74.506973
7687.353516	-69.586754
7692.736816	-73.473251
7698.120117	-83.175110
7703.503418	-85.677841
7708.886719	-76.295532
7714.270020	-72.357231
7719.653320	-73.235085
7725.036621	-73.109596
7730.419922	-70.874252
7735.803223	-69.995499
7741.186523	-71.680542
7746.569824	-75.595665
7751.953125	-80.414284
7757.336426	-79.257111
7762.719727	-74.789055
7768.103027	-74.365715
7773.486328	-76.615479
7778.869629	-73.578674
7784.252930	-82.128120
7789.636230	-83.189499
7795.019531	-87.596565
7800.402832	-78.230103
7805.786133	-81.070976
7811.169434	-83.092003
7816.552734	-76.987442
7821.936035	-73.536613
7827.319336	-74.958260
7832.702637	-63.115623
7838.085938	-63.865311
7843.469238	-74.896027
7848.852539	-69.086884
7854.235840	-68.387466
7859.619141	-75.612999
7865.002441	-69.009399
7870.385742	-66.308456
7875.769043	-67.044868
7881.152344	-65.570808
7886.535645	-67.185272
7891.918945	-74.390419
7897.302246	-84.484642
7902.685547	-86.225540
7908.068848	-80.969704
7913.452148	-79.329727
7918.835449	-88.366180
7924.218750	-80.767754
7929.602051	-80.881935
7934.985352	-89.515884
7940.368652	-77.241173
7945.751953	-78.686424
7951.135254	-75.996941
7956.518555	-73.441986
7961.901855	-73.736862
7967.285156	-100.667641
7972.668457	-73.312141
7978.051758	-72.076935
7983.435059	-70.359024
7988.818359	-70.856384
7994.201660	-70.302979
7999.584961	-70.091446
8004.968262	-73.146294
8010.351562	-88.797951
8015.734863	-82.727158
8021.118164	-77.294769
8026.501465	-72.168129
8031.884766	-73.975800
8037.268066	-68.549049
8042.651367	-70.188698
8048.034668	-70.872398
8053.417969	-79.951904
8058.801270	-74.748840
8064.184570	-65.909729
8069.567871	-61.022327
8074.951172	-65.662605
8080.334473	-71.941093
8085.717773	-71.281105
8091.101074	-78.720673
8096.484375	-83.912071
8101.867676	-81.881775
8107.250977	-74.547668
8112.634277	-69.525330
8118.017578	-71.199417
8123.400879	-78.535011
8128.784180	-79.163055
8134.167480	-81.232430
8139.550781	-76.713531
8144.934082	-71.202599
8150.317383	-69.101112
8155.700684	-70.149796
8161.083984	-77.835495
8166.467285	-77.661079
8171.850586	-76.555557
8177.233887	-86.753212
8182.617188	-72.742363
8188.000488	-71.822960
8193.383789	-75.561569
8198.767090	-82.068108
8204.150391	-86.403938
8209.533691	-79.542725
8214.916992	-78.462341
8220.300293	-79.090668
8225.683594	-71.708588
8231.066895	-69.784012
8236.450195	-70.375679
8241.833496	-69.567535
8247.216797	-70.110649
8252.600098	-65.453743
8257.983398	-67.010727
8263.366699	-78.015305
8268.750000	-80.665504
8274.133301	-93.899490
8279.516602	-93.561470
8284.899902	-85.949768
8290.283203	-81.499672
8295.666504	-76.060532
8301.049805	-73.247681
8306.433105	-73.560982
8311.816406	-70.030632
8317.199707	-73.165359
8322.583008	-74.274040
8327.966309	-79.002258
8333.349609	-99.933914
8338.732910	-87.418991
8344.116211	-80.031189
8349.499512	-91.902176
8354.882812	-73.850594
8360.266113	-75.034538
8365.649414	-72.136452
8371.032715	-71.652618
8376.416016	-75.687157
8381.799316	-75.777481
8387.182617	-75.596832
8392.565918	-76.199448
8397.949219	-80.443497
8403.332520	-77.017723
8408.715820	-72.503448
8414.099121	-71.371162
8419.482422	-72.741943
8424.865723	-71.942986
8430.249023	-76.278122
8435.632324	-73.011330
8441.015625	-68.144852
8446.398926	-66.922844
8451.782227	-71.424553
8457.165527	-69.449829
8462.548828	-72.063530
8467.932129	-76.300835
8473.315430	-85.217461
8478.698730	-86.994957
8484.082031	-73.922447
8489.465332	-70.725304
8494.848633	-71.175735
8500.231934	-83.630035
8505.615234	-65.438934
8510.998535	-62.396675
8516.381836	-65.830544
8521.765137	-70.782127
8527.148438	-70.997894
8532.531738	-75.777596
8537.915039	-78.422356
8543.298340	-76.650963
8548.681641	-85.129623
8554.064941	-88.414902
8559.448242	-93.918205
8564.831543	-92.765846
8570.214844	-99.569748
8575.598145	-87.700394
8580.981445	-84.958000
8586.364746	-95.890968
8591.748047	-82.585075
8597.131348	-84.064346
8602.514648	-85.244400
8607.897949	-80.384094
8613.281250	-69.714027
8618.664551	-66.849327
8624.047852	-70.380135
8629.431152	-58.758572
8634.814453	-56.331909
8640.197754	-59.212799
8645.581055	-62.700352
8650.964355	-63.017021
8656.347656	-59.620789
8661.730957	-62.965805
8667.114258	-73.167236
8672.497559	-78.970879
8677.880859	-82.983345
8683.264160	-62.255821
8688.647461	-60.173004
8694.030762	-59.567314
8699.414062	-66.172684
8704.797363	-82.236862
8710.180664	-73.228134
8715.563965	-74.355492
8720.947266	-86.779747
8726.330566	-87.052002
8731.713867	-85.248970
8737.097168	-74.748848
8742.480469	-81.743401
8747.863770	-75.778992
8753.247070	-73.292252
8758.630371	-72.667717
8764.013672	-84.103691
8769.396973	-81.284935
8774.780273	-82.730988
8780.163574	-77.589874
8785.546875	-74.277374
8790.930176	-79.686745
8796.313477	-83.808136
8801.696777	-79.486618
8807.080078	-71.165306
8812.463379	-72.692520
8817.846680	-86.200607
8823.229980	-87.394806
8828.613281	-89.492264
8833.996582	-91.588158
8839.379883	-81.891792
8844.763184	-76.702660
8850.146484	-76.216232
8855.529785	-73.532967
8860.913086	-74.270859
8866.296387	-84.454796
8871.679688	-77.510681
8877.062988	-74.517265
8882.446289	-71.355560
8887.829590	-70.928825
8893.212891	-67.893707
8898.596191	-63.619701
8903.979492	-69.184425
8909.362793	-68.671013
8914.746094	-67.445755
8920.129395	-70.773346
8925.512695	-85.480988
8930.895996	-74.791847
8936.279297	-73.233505
8941.662598	-85.601860
8947.045898	-79.756248
8952.429199	-76.483482
8957.812500	-87.532310
8963.195801	-82.277306
8968.579102	-86.042519
8973.962402	-77.390190
8979.345703	-77.903664
8984.729004	-79.958260
8990.112305	-79.345657
8995.495605	-72.904373
9000.878906	-67.638824
9006.262207	-67.770187
9011.645508	-68.146660
9017.028809	-69.615822
9022.412109	-70.524300
9027.795410	-74.309624
9033.178711	-86.996178
9038.562012	-72.403008
9043.945312	-66.712563
9049.328613	-63.406334
9054.711914	-83.499763
9060.095215	-65.368713
9065.478516	-68.904610
9070.861816	-65.763855
9076.245117	-64.854469
9081.628418	-71.001900
9087.011719	-73.360291
9092.395020	-66.325066
9097.778320	-59.841587
9103.161621	-62.544632
9108.544922	-69.961479
9113.928223	-72.281609
9119.311523	-72.149872
9124.694824	-74.007263
9130.078125	-80.219337
9135.461426	-82.978859
9140.844727	-74.508606
9146.228027	-74.683647
9151.611328	-73.941162
9156.994629	-70.529037
9162.377930	-66.770294
9167.761230	-65.974892
9173.144531	-68.269386
9178.527832	-74.470467
9183.911133	-75.013847
9189.294434	-78.700409
9194.677734	-80.424408
9200.061035	-79.208984
9205.444336	-76.462723
9210.827637	-74.824860
9216.210938	-71.761627
9221.594238	-66.065338
9226.977539	-65.523872
9232.360840	-68.547630
9237.744141	-74.157295
9243.127441	-69.513596
9248.510742	-79.427368
9253.894043	-74.578819
9259.277344	-67.897202
9264.660645	-67.662849
9270.043945	-67.532578
9275.427246	-69.317108
9280.810547	-73.075394
9286.193848	-77.583900
9291.577148	-73.700897
9296.960449	-77.297195
9302.343750	-79.214287
9307.727051	-92.529129
9313.110352	-93.112785
9318.493652	-90.168861
9323.876953	-75.456535
9329.260254	-73.858780
9334.643555	-69.675980
9340.026855	-70.306511
9345.410156	-71.657204
9350.793457	-76.877113
9356.176758	-80.228714
9361.560059	-81.902046
9366.943359	-82.453896
9372.326660	-78.165092
9377.709961	-85.822548
9383.093262	-79.090622
9388.476562	-76.884781
9393.859863	-73.916168
9399.243164	-72.300392
9404.626465	-70.929474
9410.009766	-82.457130
9415.393066	-79.673538
9420.776367	-74.464928
9426.159668	-67.826904
9431.542969	-65.921577
9436.926270	-67.521217
9442.309570	-61.412991
9447.692871	-62.328823
9453.076172	-74.759697
9458.459473	-72.781219
9463.842773	-69.364563
9469.226074	-68.331985
9474.609375	-74.822586
9479.992676	-81.127296
9485.375977	-82.665199
9490.759277	-70.788460
9496.142578	-75.867783
9501.525879	-78.565910
9506.909180	-75.987869
9512.292480	-72.571648
9517.675781	-70.997398
9523.059082	-68.804123
9528.442383	-76.747246
9533.825684	-84.917671
9539.208984	-85.403984
9544.592285	-86.140381
9549.975586	-91.752388
9555.358887	-79.953209
9560.742188	-75.312622
9566.125488	-72.837914
9571.508789	-79.984192
9576.892090	-75.788689
9582.275391	-74.421455
9587.658691	-78.874588
9593.041992	-77.464294
9598.425293	-87.042122
9603.808594	-89.489487
9609.191895	-84.179314
9614.575195	-79.970711
9619.958496	-75.400795
9625.341797	-74.413445
9630.725098	-70.147278
9636.108398	-69.168167
9641.491699	-72.282806
9646.875000	-75.036812
9652.258301	-73.316399
9657.641602	-77.523468
9663.024902	-85.378860
9668.408203	-78.303276
9673.791504	-74.524635
9679.174805	-73.907318
9684.558105	-70.565620
9689.941406	-70.907593
9695.324707	-75.739220
9700.708008	-78.951759
9706.091309	-78.807068
9711.474609	-85.891335
9716.857910	-85.499504
9722.241211	-78.623932
9727.624512	-78.168846
9733.007812	-80.914619
9738.391113	-73.819267
9743.774414	-72.912888
9749.157715	-75.127785
9754.541016	-75.569695
9759.924316	-74.931709
9765.307617	-86.346680
9770.690918	-95.439072
9776.074219	-91.176003
9781.457520	-82.594978
9786.840820	-82.166428
9792.224121	-86.804207
9797.607422	-78.079933
9802.990723	-73.402283
9808.374023	-72.045860
9813.757324	-71.971130
9819.140625	-75.550941
9824.523926	-79.360481
9829.907227	-83.206070
9835.290527	-73.905022
9840.673828	-73.130112
9846.057129	-73.724869
9851.440430	-74.037155
9856.823730	-82.054276
9862.207031	-91.021599
9867.590332	-77.885887
9872.973633	-72.753250
9878.356934	-79.097687
9883.740234	-76.901711
9889.123535	-73.476570
9894.506836	-77.284477
9899.890137	-72.300224
9905.273438	-70.289345
9910.656738	-67.819405
9916.040039	-77.891502
9921.423340	-71.820412
9926.806641	-75.913452
9932.189941	-77.048973
9937.573242	-76.550888
9942.956543	-73.554276
9948.339844	-80.390472
9953.723145	-95.391251
9959.106445	-80.516670
9964.489746	-78.036552
9969.873047	-82.698860
9975.256348	-93.034576
9980.639648	-91.574249
9986.022949	-92.996613
9991.406250	-88.025826
9996.789551	-85.819946
10002.172852	-88.586998
10007.556152	-76.368088
10012.939453	-70.944763
10018.322754	-75.062019
10023.706055	-69.108543
10029.089355	-68.425980
10034.472656	-72.649872
10039.855957	-80.843613
10045.239258	-78.500694
10050.622559	-77.857506
10056.005859	-77.248932
10061.389160	-77.568581
10066.772461	-89.719627
10072.155762	-82.093185
10077.539062	-72.017258
10082.922363	-71.386612
10088.305664	-76.369690
10093.688965	-71.170334
10099.072266	-67.856194
10104.455566	-76.774178
10109.838867	-92.129875
10115.222168	-79.868675
10120.605469	-74.209679
10125.988770	-70.779030
10131.372070	-69.877541
10136.755371	-69.913605
10142.138672	-71.441460
10147.521973	-76.310616
10152.905273	-84.575829
10158.288574	-79.212440
10163.671875	-79.057732
10169.055176	-68.844177
10174.438477	-66.214439
10179.821777	-70.376633
10185.205078	-85.891418
10190.588379	-77.399918
10195.971680	-76.285347
10201.354980	-73.733910
10206.738281	-74.589203
10212.121582	-79.544846
10217.504883	-86.346024
10222.888184	-83.316063
10228.271484	-83.449562
10233.654785	-83.239799
10239.038086	-84.338501
10244.421387	-77.844391
10249.804688	-76.487099
10255.187988	-75.071777
10260.571289	-77.547462
10265.954590	-75.107430
10271.337891	-81.011658
10276.721191	-81.429527
10282.104492	-78.412094
10287.487793	-77.019371
10292.871094	-77.932518
10298.254395	-86.766563
10303.637695	-75.349075
10309.020996	-73.086037
10314.404297	-71.295189
10319.787598	-73.025803
10325.170898	-79.030647
10330.554199	-80.797363
10335.937500	-83.106079
10341.320801	-79.149673
10346.704102	-75.235344
10352.087402	-69.976608
10357.470703	-76.976486
10362.854004	-83.417023
10368.237305	-79.498291
10373.620605	-79.020203
10379.003906	-77.221176
10384.387207	-87.250763
10389.770508	-82.314087
10395.153809	-79.301468
10400.537109	-76.477631
10405.920410	-77.388573
10411.303711	-84.368393
10416.687012	-76.286049
10422.070312	-74.434494
10427.453613	-72.440384
10432.836914	-74.606377
10438.220215	-73.627884
10443.603516	-81.323952
10448.986816	-82.111603
10454.370117	-82.277077
10459.753418	-83.895752
10465.136719	-88.084656
10470.520020	-84.748070
10475.903320	-83.379112
10481.286621	-82.517036
10486.669922	-81.421806
10492.053223	-84.931183
10497.436523	-92.644867
10502.819824	-81.928337
10508.203125	-83.526787
10513.586426	-91.014381
10518.969727	-93.975548
10524.353027	-99.660690
10529.736328	-80.104630
10535.119629	-75.420738
10540.502930	-72.925209
10545.886230	-72.083488
10551.269531	-74.106789
10556.652832	-90.217651
10562.036133	-85.191208
10567.419434	-75.185234
10572.802734	-74.766945
10578.186035	-71.785973
10583.569336	-72.352333
10588.952637	-78.283989
10594.335938	-70.982071
10599.719238	-70.385529
10605.102539	-73.050163
10610.485840	-75.013039
10615.869141	-72.871864
10621.252441	-78.484604
10626.635742	-75.391823
10632.019043	-73.705505
10637.402344	-78.884308
10642.785645	-75.656532
10648.168945	-74.352737
10653.552246	-82.944427
10658.935547	-81.453751
10664.318848	-77.981773
10669.702148	-80.011101
10675.085449	-80.039864
10680.468750	-74.507217
10685.852051	-69.282951
10691.235352	-71.395805
10696.618652	-72.104179
10702.001953	-68.550079
10707.385254	-69.027939
10712.768555	-77.229088
10718.151855	-75.232819
10723.535156	-80.426941
10728.918457	-82.566116
10734.301758	-80.281960
10739.685059	-81.317200
10745.068359	-87.502892
10750.451660	-86.786339
10755.834961	-82.422760
10761.218262	-80.499893
10766.601562	-76.897758
10771.984863	-83.105721
10777.368164	-92.477287
10782.751465	-74.833549
10788.134766	-76.648926
10793.518066	-77.582130
10798.901367	-84.764893
10804.284668	-80.298973
10809.667969	-83.181412
10815.051270	-90.474503
10820.434570	-89.892960
10825.817871	-96.192879
10831.201172	-90.497948
10836.584473	-80.130852
10841.967773	-79.972404
10847.351074	-84.287453
10852.734375	-91.672234
10858.117676	-89.737679
10863.500977	-84.610252
10868.884277	-87.445847
10874.267578	-95.796600
10879.650879	-91.237473
10885.034180	-94.470604
10890.417480	-91.010170
10895.800781	-80.432312
10901.184082	-74.518356
10906.567383	-72.125374
10911.950684	-73.678375
10917.333984	-80.676277
10922.717285	-87.046852
10928.100586	-85.551071
10933.483887	-81.648567
10938.867188	-82.765884
10944.250488	-84.758522
10949.633789	-83.613022
10955.017090	-97.418335
10960.400391	-96.236580
10965.783691	-86.021774
10971.166992	-81.826523
10976.550293	-81.801979
10981.933594	-84.917900
10987.316895	-83.777702
10992.700195	-83.842407
10998.083496	-100.572189
11003.466797	-82.599503
11008.850098	-82.805939
11014.233398	-86.114677
11019.616699	-86.518745
11025.000000	-82.739822
11030.383301	-82.723808
11035.766602	-82.352356
11041.149902	-79.823936
11046.533203	-78.717690
11051.916504	-97.693573
11057.299805	-88.438515
11062.683105	-92.503418
11068.066406	-80.982430
11073.449707	-71.266014
11078.833008	-69.505241
11084.216309	-79.993454
11089.599609	-80.289864
11094.982910	-85.821526
11100.366211	-79.865593
11105.749512	-76.327118
11111.132812	-75.803055
11116.516113	-73.210350
11121.899414	-75.753708
11127.282715	-76.633865
11132.666016	-75.838669
11138.049316	-85.679977
11143.432617	-76.290054
11148.815918	-85.911781
11154.199219	-86.800240
11159.582520	-79.868332
11164.965820	-97.924492
11170.349121	-84.784058
11175.732422	-83.907684
11181.115723	-82.628990
11186.499023	-86.305305
11191.882324	-91.012093
11197.265625	-100.105949
11202.648926	-91.713020
11208.032227	-88.050385
11213.415527	-97.726242
11218.798828	-83.182442
11224.182129	-84.912308
11229.565430	-80.566551
11234.948730	-82.672607
11240.332031	-92.932777
11245.715332	-80.850037
11251.098633	-74.894066
11256.481934	-78.795082
11261.865234	-85.840729
11267.248535	-88.218605
11272.631836	-93.321960
11278.015137	-95.630554
11283.398438	-86.030708
11288.781738	-85.357941
11294.165039	-85.371071
11299.548340	-82.897697
11304.931641	-93.119263
11310.314941	-84.593163
11315.698242	-101.979088
11321.081543	-102.452164
11326.464844	-97.007141
11331.848145	-101.513809
11337.231445	-85.865112
11342.614746	-82.791718
11347.998047	-82.889793
11353.381348	-84.923195
11358.764648	-90.996277
11364.147949	-94.389633
11369.531250	-88.862381
11374.914551	-79.272522
11380.297852	-77.865425
11385.681152	-80.927025
11391.064453	-81.283798
11396.447754	-91.165138
11401.831055	-95.003204
11407.214355	-106.046982
11412.597656	-95.250656
11417.980957	-97.353882
11423.364258	-89.885117
11428.747559	-88.414368
11434.130859	-89.267380
11439.514160	-92.276390
11444.897461	-94.259239
11450.280762	-92.836815
11455.664062	-93.340225
11461.047363	-98.741371
11466.430664	-88.477829
11471.813965	-91.900238
11477.197266	-91.404449
11482.580566	-88.130966
11487.963867	-87.584778
11493.347168	-89.358368
11498.730469	-92.972900
11504.113770	-99.522514
11509.497070	-100.640350
11514.880371	-100.927521
11520.263672	-84.395264
11525.646973	-80.284042
11531.030273	-85.613678
11536.413574	-81.561043
11541.796875	-79.788231
11547.180176	-91.713501
11552.563477	-82.568535
11557.946777	-89.236320
11563.330078	-91.448509
11568.713379	-95.717369
11574.096680	-82.021103
11579.479980	-76.582840
11584.863281	-81.048218
11590.246582	-79.339027
11595.629883	-77.919334
11601.013184	-82.552361
11606.396484	-103.228767
11611.779785	-89.183678
11617.163086	-81.141090
11622.546387	-86.438416
11627.929688	-75.685471
11633.312988	-77.619438
11638.696289	-78.953369
11644.079590	-76.934937
11649.462891	-82.799751
11654.846191	-92.604858
11660.229492	-116.363411
11665.612793	-92.568115
11670.996094	-100.511726
11676.379395	-95.822639
11681.762695	-82.876274
11687.145996	-75.841072
11692.529297	-72.571526
11697.912598	-74.504608
11703.295898	-82.278419
11708.679199	-81.607880
11714.062500	-81.616302
11719.445801	-102.821655
11724.829102	-85.830154
11730.212402	-89.361305
11735.595703	-93.120300
11740.979004	-79.234055
11746.362305	-77.866219
11751.745605	-83.838875
11757.128906	-84.351822
11762.512207	-83.216621
11767.895508	-87.521141
11773.278809	-88.617966
11778.662109	-82.912971
11784.045410	-78.446182
11789.428711	-83.189400
11794.812012	-85.448326
11800.195312	-88.332169
11805.578613	-89.266991
11810.961914	-84.518471
11816.345215	-81.026970
11821.728516	-80.381050
11827.111816	-82.010330
11832.495117	-85.643417
11837.878418	-91.570480
11843.261719	-86.804466
11848.645020	-86.118660
11854.028320	-87.115662
11859.411621	-86.658272
11864.794922	-84.520256
11870.178223	-90.719269
11875.561523	-96.689926
11880.944824	-112.550598
11886.328125	-90.439644
11891.711426	-92.691017
11897.094727	-94.888573
11902.478027	-92.323448
11907.861328	-102.088142
11913.244629	-98.580879
11918.627930	-89.867096
11924.011230	-90.951408
11929.394531	-89.655045
11934.777832	-84.452873
11940.161133	-80.344749
11945.544434	-89.751648
11950.927734	-93.240196
11956.311035	-84.646118
11961.694336	-83.378624
11967.077637	-84.337494
11972.460938	-90.019417
11977.844238	-98.411964
11983.227539	-97.732910
11988.610840	-92.621986
11993.994141	-92.759720
11999.377441	-103.793808
12004.760742	-103.157967
12010.144043	-98.623245
12015.527344	-94.111687
12020.910645	-87.267525
12026.293945	-85.753128
12031.677246	-94.879425
12037.060547	-106.184731
12042.443848	-97.315567
12047.827148	-95.842804
12053.210449	-91.654327
12058.593750	-89.955673
12063.977051	-81.171616
12069.360352	-78.652077
12074.743652	-80.095512
12080.126953	-81.396194
12085.510254	-79.139420
12090.893555	-82.270470
12096.276855	-95.525299
12101.660156	-96.943810
12107.043457	-112.202469
12112.426758	-95.730507
12117.810059	-91.697937
12123.193359	-94.133621
12128.576660	-101.320564
12133.959961	-84.258102
12139.343262	-77.075737
12144.726562	-79.485435
12150.109863	-79.453079
12155.493164	-81.105965
12160.876465	-85.483437
12166.259766	-87.920189
12171.643066	-92.492355
12177.026367	-88.765442
12182.409668	-90.394615
12187.792969	-87.161087
12193.176270	-85.267906
12198.559570	-88.623199
12203.942871	-110.058052
12209.326172	-91.941254
12214.709473	-84.182381
12220.092773	-81.518517
12225.476074	-82.052582
12230.859375	-83.030441
12236.242676	-83.075172
12241.625977	-83.299171
12247.009277	-85.414833
12252.392578	-90.142822
12257.775879	-94.837090
12263.159180	-93.165688
12268.542480	-91.896820
12273.925781	-85.354439
12279.309082	-93.100204
12284.692383	-90.457520
12290.075684	-84.414207
12295.458984	-82.443306
12300.842285	-82.932899
12306.225586	-85.202255
12311.608887	-84.214462
12316.992188	-91.075912
12322.375488	-92.123337
12327.758789	-91.789543
12333.142090	-89.292664
12338.525391	-87.846214
12343.908691	-89.628021
12349.291992	-94.029243
12354.675293	-92.988731
12360.058594	-95.734543
12365.441895	-91.455185
12370.825195	-87.580734
12376.208496	-83.526718
12381.591797	-82.974289
12386.975098	-91.305588
12392.358398	-94.961273
12397.741699	-92.728065
12403.125000	-88.247437
12408.508301	-86.757286
12413.891602	-95.287598
12419.274902	-101.235161
12424.658203	-90.198166
12430.041504	-87.009712
12435.424805	-94.051270
12440.808105	-93.121696
12446.191406	-97.908470
12451.574707	-91.140686
12456.958008	-85.357475
12462.341309	-86.722984
12467.724609	-88.350586
12473.107910	-85.916878
12478.491211	-87.911110
12483.874512	-87.688339
12489.257812	-87.566284
12494.641113	-87.106735
12500.024414	-86.116600
12505.407715	-84.689262
12510.791016	-96.110542
12516.174316	-84.050407
12521.557617	-84.953110
12526.940918	-94.529137
12532.324219	-93.226707
12537.707520	-97.000595
12543.090820	-96.205589
12548.474121	-96.787148
12553.857422	-87.287277
12559.240723	-90.697868
12564.624023	-94.624107
12570.007324	-89.483391
12575.390625	-85.283424
12580.773926	-80.689064
12586.157227	-81.005806
12591.540527	-85.362679
12596.923828	-90.461609
12602.307129	-93.727341
12607.690430	-89.329689
12613.073730	-90.693344
12618.457031	-104.086990
12623.840332	-95.367805
12629.223633	-89.293503
12634.606934	-85.225548
12639.990234	-86.758148
12645.373535	-92.667526
12650.756836	-113.304710
12656.140137	-98.491821
12661.523438	-93.964287
12666.906738	-90.073341
12672.290039	-94.449005
12677.673340	-94.236031
12683.056641	-83.236023
12688.439941	-77.917397
12693.823242	-78.804070
12699.206543	-77.555199
12704.589844	-84.623795
12709.973145	-91.138252
12715.356445	-91.946899
12720.739746	-84.817680
12726.123047	-86.218376
12731.506348	-97.083855
12736.889648	-100.563187
12742.272949	-92.113655
12747.656250	-89.351562
12753.039551	-94.057770
12758.422852	-97.671547
12763.806152	-93.867668
12769.189453	-95.797607
12774.572754	-94.346008
12779.956055	-88.923347
12785.339355	-86.030991
12790.722656	-86.607239
12796.105957	-94.386116
12801.489258	-90.013275
12806.872559	-82.235847
12812.255859	-78.779816
12817.639160	-80.712936
12823.022461	-86.060577
12828.405762	-91.096672
12833.789062	-90.797150
12839.172363	-85.186165
12844.555664	-84.924835
12849.938965	-85.299637
12855.322266	-83.069206
12860.705566	-83.822487
12866.088867	-86.691017
12871.472168	-83.461769
12876.855469	-83.425308
12882.238770	-92.964821
12887.622070	-90.333168
12893.005371	-87.597565
12898.388672	-83.509178
12903.771973	-83.411751
12909.155273	-84.376495
12914.538574	-81.499306
12919.921875	-79.726555
12925.305176	-85.940956
12930.688477	-101.379387
12936.071777	-90.275063
12941.455078	-86.228958
12946.838379	-84.801781
12952.221680	-83.279129
12957.604980	-91.331886
12962.988281	-88.538971
12968.371582	-93.158600
12973.754883	-89.303802
12979.138184	-94.559456
12984.521484	-91.240494
12989.904785	-88.260429
12995.288086	-87.381081
13000.671387	-90.546608
13006.054688	-84.967567
13011.437988	-90.178932
13016.821289	-102.251289
13022.204590	-93.593140
13027.587891	-90.830330
13032.971191	-92.183029
13038.354492	-88.926140
13043.737793	-85.905899
13049.121094	-89.681480
13054.504395	-91.392128
13059.887695	-92.715813
13065.270996	-86.294884
13070.654297	-86.410965
13076.037598	-87.933319
13081.420898	-85.530685
13086.804199	-83.567459
13092.187500	-83.738510
13097.570801	-88.453369
13102.954102	-94.062492
13108.337402	-95.952171
13113.720703	-91.715889
13119.104004	-95.293343
13124.487305	-121.834808
13129.870605	-110.146103
13135.253906	-101.059273
13140.637207	-106.503120
13146.020508	-99.302536
13151.403809	-89.970421
13156.787109	-88.234268
13162.170410	-95.312698
13167.553711	-99.397774
13172.937012	-90.392204
13178.320312	-87.788559
13183.703613	-88.186226
13189.086914	-86.645775
13194.470215	-85.617317
13199.853516	-88.433372
13205.236816	-91.573471
13210.620117	-92.357643
13216.003418	-91.408737
13221.386719	-97.524132
13226.770020	-104.154442
13232.153320	-98.111794
13237.536621	-98.359100
13242.919922	-106.878273
13248.303223	-97.551445
13253.686523	-92.733948
13259.069824	-89.192223
13264.453125	-94.635452
13269.836426	-90.637161
13275.219727	-97.773895
13280.603027	-92.160034
13285.986328	-85.160316
13291.369629	-86.041946
13296.752930	-90.210297
13302.136230	-109.991165
13307.519531	-100.541237
13312.902832	-96.158257
13318.286133	-94.972778
13323.669434	-93.588394
13329.052734	-100.954765
13334.436035	-86.867889
13339.819336	-84.059052
13345.202637	-91.628365
13350.585938	-96.331223
13355.969238	-97.337471
13361.352539	-94.329697
13366.735840	-89.866066
13372.119141	-91.581009
13377.502441	-89.471207
13382.885742	-85.213264
13388.269043	-81.321747
13393.652344	-82.207832
13399.035645	-90.316391
13404.418945	-92.571564
13409.802246	-94.456718
13415.185547	-96.126663
13420.568848	-90.283867
13425.952148	-93.138397
13431.335449	-97.428802
13436.718750	-102.951935
13442.102051	-110.573982
13447.485352	-98.376961
13452.868652	-89.866837
13458.251953	-85.787575
13463.635254	-85.529602
13469.018555	-88.998985
13474.401855	-90.745850
13479.785156	-95.418121
13485.168457	-95.059822
13490.551758	-90.414246
13495.935059	-92.505127
13501.318359	-102.022507
13506.701660	-103.453812
13512.084961	-96.560486
13517.468262	-84.015846
13522.851562	-82.234665
13528.234863	-84.373238
13533.618164	-83.481857
13539.001465	-89.860954
13544.384766	-99.215210
13549.768066	-92.741837
13555.151367	-91.273567
13560.534668	-92.260048
13565.917969	-94.341339
13571.301270	-109.996071
13576.684570	-93.038361
13582.067871	-93.418533
13587.451172	-102.695892
13592.834473	-110.937706
13598.217773	-111.801414
13603.601074	-91.707771
13608.984375	-90.398727
13614.367676	-88.474449
13619.750977	-86.774483
13625.134277	-87.684265
13630.517578	-94.270149
13635.900879	-97.551498
13641.284180	-94.559677
13646.667480	-88.945885
13652.050781	-98.406830
13657.434082	-94.157196
13662.817383	-91.032883
13668.200684	-93.378143
13673.583984	-95.612831
13678.967285	-100.294212
13684.350586	-101.231163
13689.733887	-98.338585
13695.117188	-91.952553
13700.500488	-92.369591
13705.883789	-92.527344
13711.267090	-92.763794
13716.650391	-109.591888
13722.033691	-88.648232
13727.416992	-90.557869
13732.800293	-97.599266
13738.183594	-93.971939
13743.566895	-96.887421
13748.950195	-94.448669
13754.333496	-102.480217
13759.716797	-94.018784
13765.100098	-99.387192
13770.483398	-90.700325
13775.866699	-81.799736
13781.250000	-82.995308
13786.633301	-87.809967
13792.016602	-97.565529
13797.399902	-99.092712
13802.783203	-93.775719
13808.166504	-90.741180
13813.549805	-94.537842
13818.933105	-97.164680
13824.316406	-94.711853
13829.699707	-102.195503
13835.083008	-109.347038
13840.466309	-105.446541
13845.849609	-95.347908
13851.232910	-89.357376
13856.616211	-91.437782
13861.999512	-98.300140
13867.382812	-88.524132
13872.766113	-89.811470
13878.149414	-98.483398
13883.532715	-105.444504
13888.916016	-93.647423
13894.299316	-94.723701
13899.682617	-102.108307
13905.065918	-87.896835
13910.449219	-92.803589
13915.832520	-98.601044
13921.215820	-95.326431
13926.599121	-96.008636
13931.982422	-91.300964
13937.365723	-91.291107
13942.749023	-93.810829
13948.132324	-90.141823
13953.515625	-89.343956
13958.898926	-91.803230
13964.282227	-97.015266
13969.665527	-91.115570
13975.048828	-91.789474
13980.432129	-91.695869
13985.815430	-92.548965
13991.198730	-90.282082
13996.582031	-86.170975
14001.965332	-86.232925
14007.348633	-86.002991
14012.731934	-93.656052
14018.115234	-112.134026
14023.498535	-99.585175
14028.881836	-95.435974
14034.265137	-92.577095
14039.648438	-97.719017
14045.031738	-92.208572
14050.415039	-94.398972
14055.798340	-102.963318
14061.181641	-104.277611
14066.564941	-101.003166
14071.948242	-93.971245
14077.331543	-89.624298
14082.714844	-95.988419
14088.098145	-98.089684
14093.481445	-100.892189
14098.864746	-95.594170
14104.248047	-92.894096
14109.631348	-87.824921
14115.014648	-87.536873
14120.397949	-88.722794
14125.781250	-87.042015
14131.164551	-91.917175
14136.547852	-103.723892
14141.931152	-104.347885
14147.314453	-104.723473
14152.697754	-99.923317
14158.081055	-92.481102
14163.464355	-89.912086
14168.847656	-97.866661
14174.230957	-91.848892
14179.614258	-88.945007
14184.997559	-91.927902
14190.380859	-90.245735
14195.764160	-84.753738
14201.147461	-85.378654
14206.530762	-88.022659
14211.914062	-88.912308
14217.297363	-87.008156
14222.680664	-93.105789
14228.063965	-98.411613
14233.447266	-94.627785
14238.830566	-91.886627
14244.213867	-93.717354
14249.597168	-101.746216
14254.980469	-103.844315
14260.363770	-102.363037
14265.747070	-92.910538
14271.130371	-90.990059
14276.513672	-94.149498
14281.896973	-91.375130
14287.280273	-95.269547
14292.663574	-99.515717
14298.046875	-89.224648
14303.430176	-88.740051
14308.813477	-94.558189
14314.196777	-108.823723
14319.580078	-95.164261
14324.963379	-87.345116
14330.346680	-83.136681
14335.729980	-85.050163
14341.113281	-87.829407
14346.496582	-96.396675
14351.879883	-89.232841
14357.263184	-92.358513
14362.646484	-92.973991
14368.029785	-99.144966
14373.413086	-91.191841
14378.796387	-96.663330
14384.179688	-94.347610
14389.562988	-93.405632
14394.946289	-98.065399
14400.329590	-102.227325
14405.712891	-101.484467
14411.096191	-93.536766
14416.479492	-99.452866
14421.862793	-95.870293
14427.246094	-89.368767
14432.629395	-88.653381
14438.012695	-88.992348
14443.395996	-96.203880
14448.779297	-92.515785
14454.162598	-91.358887
14459.545898	-96.167091
14464.929199	-92.106117
14470.312500	-92.448303
14475.695801	-91.318428
14481.079102	-93.733719
14486.462402	-92.558380
14491.845703	-89.278320
14497.229004	-89.203621
14502.612305	-90.853966
14507.995605	-104.592827
14513.378906	-101.682175
14518.762207	-99.919441
14524.145508	-104.595932
14529.528809	-104.776382
14534.912109	-98.162437
14540.295410	-96.634193
14545.678711	-98.956100
14551.062012	-106.085533
14556.445312	-99.402824
14561.828613	-91.723991
14567.211914	-91.994751
14572.595215	-93.268784
14577.978516	-99.790947
14583.361816	-98.043785
14588.745117	-97.500381
14594.128418	-94.204803
14599.511719	-89.518311
14604.895020	-84.951660
14610.278320	-91.588112
14615.661621	-93.282555
14621.044922	-108.946465
14626.428223	-101.233437
14631.811523	-96.955154
14637.194824	-99.364784
14642.578125	-93.263985
14647.961426	-97.361229
14653.344727	-109.979027
14658.728027	-94.306892
14664.111328	-95.239868
14669.494629	-109.532829
14674.877930	-98.293823
14680.261230	-101.169159
14685.644531	-88.695091
14691.027832	-91.382179
14696.411133	-93.559052
14701.794434	-91.838989
14707.177734	-93.363838
14712.561035	-96.901978
14717.944336	-96.738892
14723.327637	-104.961853
14728.710938	-103.923523
14734.094238	-105.132133
14739.477539	-100.022018
14744.860840	-98.234886
14750.244141	-102.982437
14755.627441	-95.552246
14761.010742	-96.650833
14766.394043	-94.008316
14771.777344	-95.539970
14777.160645	-95.560524
14782.543945	-94.690514
14787.927246	-86.514420
14793.310547	-94.707428
14798.693848	-95.551903
14804.077148	-87.585785
14809.460449	-92.517281
14814.843750	-90.333946
14820.227051	-89.139305
14825.610352	-96.691490
14830.993652	-107.637207
14836.376953	-110.781853
14841.760254	-102.237785
14847.143555	-93.355789
14852.526855	-93.637383
14857.910156	-97.813927
14863.293457	-91.438202
14868.676758	-89.137184
14874.060059	-94.812584
14879.443359	-100.359024
14884.826660	-94.874588
14890.209961	-96.437759
14895.593262	-100.689980
14900.976562	-97.244820
14906.359863	-94.042610
14911.743164	-95.872658
14917.126465	-92.982712
14922.509766	-96.941322
14927.893066	-89.152664
14933.276367	-86.635239
14938.659668	-86.869972
14944.042969	-91.092354
14949.426270	-89.827354
14954.809570	-93.167549
14960.192871	-104.323486
14965.576172	-98.894745
14970.959473	-101.810074
14976.342773	-93.417099
14981.726074	-94.067902
14987.109375	-93.150108
14992.492676	-93.555992
14997.875977	-89.187256
15003.259277	-87.671600
15008.642578	-90.148788
15014.025879	-91.624626
15019.409180	-95.358299
15024.792480	-94.497063
15030.175781	-93.508095
15035.559082	-93.440125
15040.942383	-94.898346
15046.325684	-97.700859
15051.708984	-101.123039
15057.092285	-126.391891
15062.475586	-94.606873
15067.858887	-89.429138
15073.242188	-94.474785
15078.625488	-97.489014
15084.008789	-102.641487
15089.392090	-101.032036
15094.775391	-98.320274
15100.158691	-96.255379
15105.541992	-104.983337
15110.925293	-95.789299
15116.308594	-99.793114
15121.691895	-94.645531
15127.075195	-94.512848
15132.458496	-99.431793
15137.841797	-88.084625
15143.225098	-86.427208
15148.608398	-99.365356
15153.991699	-92.900375
15159.375000	-89.632507
15164.758301	-95.677094
15170.141602	-97.243813
15175.524902	-95.466347
15180.908203	-92.692596
15186.291504	-94.650101
15191.674805	-92.539719
15197.058105	-94.260063
15202.441406	-95.364319
15207.824707	-96.454628
15213.208008	-94.135475
15218.591309	-102.193642
15223.974609	-100.514839
15229.357910	-96.252686
15234.741211	-91.548439
15240.124512	-90.634499
15245.507812	-109.796928
15250.891113	-117.580727
15256.274414	-99.848305
15261.657715	-98.387154
15267.041016	-95.654091
15272.424316	-89.018982
15277.807617	-87.543983
15283.190918	-87.533478
15288.574219	-88.813721
15293.957520	-92.475266
15299.340820	-104.029999
15304.724121	-96.822975
15310.107422	-95.905029
15315.490723	-92.009277
15320.874023	-93.334259
15326.257324	-95.886345
15331.640625	-99.234734
15337.023926	-92.137505
15342.407227	-88.577789
15347.790527	-90.165146
15353.173828	-100.004524
15358.557129	-111.392342
15363.940430	-101.218658
15369.323730	-105.031891
15374.707031	-98.959480
15380.090332	-110.556419
15385.473633	-93.001152
15390.856934	-90.319710
15396.240234	-98.169609
15401.623535	-95.471092
15407.006836	-93.967796
15412.390137	-101.811424
15417.773438	-93.128380
15423.156738	-90.143585
15428.540039	-94.508469
15433.923340	-90.314369
15439.306641	-88.230156
15444.689941	-87.938927
15450.073242	-88.892044
15455.456543	-91.816200
15460.839844	-102.801010
15466.223145	-102.877792
15471.606445	-107.140556
15476.989746	-95.031731
15482.373047	-88.917511
15487.756348	-87.513382
15493.139648	-93.496895
15498.522949	-101.067627
15503.906250	-94.934235
15509.289551	-102.658218
15514.672852	-97.497940
15520.056152	-92.065872
15525.439453	-87.663002
15530.822754	-87.119987
15536.206055	-93.413170
15541.589355	-93.087204
15546.972656	-95.222328
15552.355957	-93.801743
15557.739258	-97.031410
15563.122559	-96.229446
15568.505859	-94.637512
15573.889160	-89.230644
15579.272461	-86.505455
15584.655762	-86.876968
15590.039062	-88.233871
15595.422363	-91.079170
15600.805664	-95.891495
15606.188965	-97.393227
15611.572266	-94.218018
15616.955566	-97.822662
15622.338867	-99.262390
15627.722168	-116.395493
15633.105469	-99.649933
15638.488770	-94.113327
15643.872070	-96.743889
15649.255371	-116.543701
15654.638672	-101.435921
15660.021973	-94.797813
15665.405273	-103.661461
15670.788574	-92.077347
15676.171875	-92.261681
15681.555176	-107.792664
15686.938477	-97.420761
15692.321777	-98.905907
15697.705078	-108.624504
15703.088379	-95.664116
15708.471680	-92.459877
15713.854980	-93.451271
15719.238281	-92.229782
15724.621582	-92.165207
15730.004883	-92.978920
15735.388184	-95.754189
15740.771484	-96.960121
15746.154785	-93.742340
15751.538086	-96.361000
15756.921387	-100.932037
15762.304688	-102.497704
15767.687988	-101.612061
15773.071289	-93.914101
15778.454590	-94.175407
15783.837891	-97.958832
15789.221191	-86.811234
15794.604492	-91.234245
15799.987793	-97.123138
15805.371094	-101.423553
15810.754395	-105.121635
15816.137695	-98.046974
15821.520996	-101.594330
15826.904297	-103.301186
15832.287598	-104.580322
15837.670898	-93.045364
15843.054199	-90.626396
15848.437500	-92.878777
15853.820801	-95.691322
15859.204102	-96.361053
15864.587402	-92.619408
15869.970703	-89.833557
15875.354004	-92.603981
15880.737305	-97.245987
15886.120605	-95.212173
15891.503906	-101.627586
15896.887207	-118.202835
15902.270508	-107.405373
15907.653809	-103.951485
15913.037109	-93.640244
15918.420410	-91.204109
15923.803711	-89.998795
15929.187012	-98.434082
15934.570312	-98.226456
15939.953613	-93.949791
15945.336914	-90.124001
15950.720215	-88.154785
15956.103516	-91.539200
15961.486816	-98.487946
15966.870117	-107.174294
15972.253418	-103.552368
15977.636719	-99.772789
15983.020020	-91.724617
15988.403320	-92.562141
15993.786621	-92.972839
15999.169922	-102.600777
16004.553223	-97.109322
16009.936523	-98.439262
16015.319824	-99.614723
16020.703125	-103.463692
16026.086426	-96.786308
16031.469727	-107.572998
16036.853027	-113.040199
16042.236328	-95.110184
16047.619629	-101.123230
16053.002930	-98.084381
16058.386230	-95.912994
16063.769531	-98.968842
16069.152832	-110.380264
16074.536133	-103.940468
16079.919434	-93.749924
16085.302734	-91.559464
16090.686035	-88.754486
16096.069336	-89.365334
16101.452637	-95.103874
16106.835938	-102.507233
16112.219238	-97.431053
16117.602539	-92.614159
16122.985840	-97.364265
16128.369141	-95.724739
16133.752441	-90.209457
16139.135742	-88.227684
16144.519043	-89.204536
16149.902344	-90.903694
16155.285645	-87.423851
16160.668945	-88.908409
16166.052246	-110.406586
16171.435547	-95.585587
16176.818848	-94.356262
16182.202148	-97.724007
16187.585449	-96.479431
16192.968750	-92.800262
16198.352051	-93.252480
16203.735352	-93.111542
16209.118652	-98.299347
16214.501953	-96.257835
16219.885254	-89.935257
16225.268555	-89.050362
16230.651855	-91.422745
16236.035156	-96.171577
16241.418457	-95.444260
16246.801758	-100.469223
16252.185059	-103.690865
16257.568359	-97.119293
16262.951660	-94.802414
16268.334961	-101.008934
16273.718262	-97.231270
16279.101562	-100.064178
16284.484863	-104.469421
16289.868164	-98.793983
16295.251465	-102.538467
16300.634766	-99.004150
16306.018066	-108.595840
16311.401367	-96.908028
16316.784668	-94.797791
16322.167969	-92.692429
16327.551270	-97.362732
16332.934570	-102.669960
16338.317871	-93.913086
16343.701172	-93.953896
16349.084473	-96.376740
16354.467773	-110.550102
16359.851074	-100.280884
16365.234375	-102.728485
16370.617676	-94.607002
16376.000977	-90.820580
16381.384277	-95.458717
16386.767578	-96.368317
16392.150879	-108.044693
16397.534180	-95.125771
16402.917480	-92.342003
16408.300781	-121.133614
16413.684082	-96.007744
16419.067383	-101.802170
16424.450684	-112.957573
16429.833984	-95.479622
16435.217285	-95.864357
16440.600586	-99.102005
16445.983887	-97.215393
16451.367188	-96.076782
16456.750488	-102.275955
16462.133789	-96.691452
16467.517090	-93.323570
16472.900391	-96.899956
16478.283691	-99.239571
16483.666992	-111.721153
16489.050293	-113.546600
16494.433594	-97.807312
16499.816895	-98.189590
16505.200195	-96.745956
16510.583496	-95.118149
16515.966797	-101.928307
16521.350098	-107.573990
16526.733398	-109.799255
16532.116699	-95.376228
16537.500000	-94.621841
16542.883301	-105.518883
16548.266602	-98.274117
16553.649902	-97.095421
16559.033203	-105.140709
16564.416504	-106.269302
16569.799805	-105.593613
16575.183105	-106.206238
16580.566406	-98.945038
16585.949707	-87.608887
16591.333008	-92.627419
16596.716309	-98.676193
16602.099609	-99.503029
16607.482910	-105.010086
16612.866211	-93.657486
16618.249512	-87.648911
16623.632812	-86.046967
16629.016113	-89.790955
16634.399414	-96.093750
16639.782715	-108.142242
16645.166016	-105.499634
16650.549316	-103.682343
16655.932617	-95.857117
16661.315918	-92.848953
16666.699219	-89.368584
16672.082520	-91.860443
16677.465820	-97.812599
16682.849121	-94.530258
16688.232422	-96.337326
16693.615723	-107.028954
16698.999023	-97.789566
16704.382324	-104.402000
16709.765625	-96.872276
16715.148926	-96.079117
16720.532227	-96.682358
16725.915527	-109.198509
16731.298828	-103.122070
16736.682129	-97.053200
16742.065430	-92.396393
16747.448730	-93.305107
16752.832031	-96.952904
16758.215332	-96.240166
16763.598633	-101.969368
16768.981934	-107.634308
16774.365234	-96.334015
16779.748535	-98.358002
16785.131836	-97.023384
16790.515137	-97.506546
16795.898438	-95.349823
16801.281738	-94.103859
16806.665039	-91.367790
16812.048340	-87.384903
16817.431641	-84.901031
16822.814941	-89.943466
16828.198242	-89.752029
16833.581543	-89.343987
16838.964844	-92.071396
16844.348145	-116.310425
16849.731445	-91.394096
16855.114746	-95.608948
16860.498047	-112.005936
16865.881348	-100.450188
16871.264648	-97.676414
16876.647949	-96.310699
16882.031250	-95.959114
16887.414551	-98.437965
16892.797852	-91.560707
16898.181152	-98.488243
16903.564453	-90.047073
16908.947754	-96.495651
16914.331055	-101.311050
16919.714355	-95.411102
16925.097656	-94.231255
16930.480957	-102.648537
16935.864258	-103.142365
16941.247559	-95.872070
16946.630859	-108.110947
16952.014160	-99.269821
16957.397461	-96.013969
16962.780762	-94.777008
16968.164062	-101.173317
16973.547363	-104.908539
16978.930664	-101.329407
16984.313965	-102.252571
16989.697266	-98.608566
16995.080566	-94.877647
17000.463867	-98.513016
17005.847168	-100.986031
17011.230469	-97.995049
17016.613770	-97.962502
17021.997070	-93.385689
17027.380371	-92.197006
17032.763672	-93.561172
17038.146973	-92.934479
17043.530273	-107.720886
17048.913574	-100.194344
17054.296875	-98.412148
17059.680176	-100.869850
17065.063477	-113.831863
17070.446777	-95.222618
17075.830078	-97.242332
17081.213379	-98.044998
17086.596680	-103.167000
17091.979980	-98.089996
17097.363281	-95.049850
17102.746582	-97.897797
17108.129883	-96.636444
17113.513184	-96.394455
17118.896484	-94.672096
17124.279785	-96.992195
17129.663086	-99.346451
17135.046387	-95.765717
17140.429688	-91.097214
17145.812988	-89.027946
17151.196289	-88.454155
17156.579590	-91.625771
17161.962891	-101.461990
17167.346191	-102.655815
17172.729492	-103.311478
17178.112793	-105.819710
17183.496094	-97.840752
17188.879395	-97.770035
17194.262695	-100.290840
17199.645996	-110.460403
17205.029297	-98.622505
17210.412598	-98.370163
17215.795898	-103.897972
17221.179199	-99.356880
17226.562500	-98.066811
17231.945801	-95.831970
17237.329102	-101.678261
17242.712402	-102.006516
17248.095703	-93.961647
17253.479004	-86.980476
17258.862305	-89.780319
17264.245605	-95.378677
17269.628906	-98.261139
17275.012207	-96.044983
17280.395508	-102.199318
17285.778809	-103.360031
17291.162109	-104.962273
17296.545410	-107.781036
17301.928711	-95.064384
17307.312012	-91.446503
17312.695312	-93.810654
17318.078613	-97.648956
17323.461914	-103.574860
17328.845215	-98.821800
17334.228516	-96.850159
17339.611816	-98.499565
17344.995117	-95.549850
17350.378418	-99.354706
17355.761719	-99.770630
17361.145020	-95.164406
17366.528320	-96.506691
17371.911621	-94.407379
17377.294922	-101.808868
17382.678223	-97.988365
17388.061523	-102.750877
17393.444824	-100.674171
17398.828125	-95.311920
17404.211426	-93.674713
17409.594727	-98.763756
17414.978027	-101.219597
17420.361328	-92.651108
17425.744629	-94.097633
17431.127930	-94.479698
17436.511230	-96.536987
17441.894531	-101.455681
17447.277832	-106.152275
17452.661133	-101.886284
17458.044434	-103.154045
17463.427734	-94.183960
17468.811035	-94.343353
17474.194336	-91.599602
17479.577637	-92.811752
17484.960938	-101.342232
17490.344238	-113.255020
17495.727539	-101.341972
17501.110840	-93.738976
17506.494141	-89.693085
17511.877441	-87.847260
17517.260742	-88.856400
17522.644043	-98.105263
17528.027344	-102.696320
17533.410645	-95.744675
17538.793945	-96.568855
17544.177246	-94.132332
17549.560547	-107.837143
17554.943848	-101.212067
17560.327148	-95.733902
17565.710449	-95.553223
17571.093750	-110.873611
17576.477051	-97.418777
17581.860352	-102.325569
17587.243652	-100.339180
17592.626953	-93.242790
17598.010254	-95.328964
17603.393555	-92.006844
17608.776855	-95.700134
17614.160156	-99.664383
17619.543457	-102.933083
17624.926758	-109.398201
17630.310059	-112.091530
17635.693359	-102.865852
17641.076660	-107.996315
17646.459961	-104.237061
17651.843262	-104.801941
17657.226562	-99.485870
17662.609863	-101.301598
17667.993164	-92.507530
17673.376465	-92.137047
17678.759766	-92.899887
17684.143066	-94.048599
17689.526367	-93.488747
17694.909668	-93.959312
17700.292969	-100.683067
17705.676270	-100.386139
17711.059570	-102.987511
17716.442871	-94.309486
17721.826172	-92.849487
17727.209473	-94.827278
17732.592773	-106.629288
17737.976074	-106.830551
17743.359375	-99.870247
17748.742676	-99.755577
17754.125977	-97.771950
17759.509277	-91.140625
17764.892578	-93.004997
17770.275879	-93.953888
17775.659180	-92.064552
17781.042480	-94.376648
17786.425781	-94.477226
17791.809082	-91.828606
17797.192383	-90.878319
17802.575684	-92.471291
17807.958984	-92.003136
17813.342285	-95.199730
17818.725586	-101.130959
17824.108887	-106.145927
17829.492188	-109.913559
17834.875488	-101.582809
17840.258789	-113.522903
17845.642090	-100.528549
17851.025391	-98.700966
17856.408691	-98.171303
17861.791992	-101.795258
17867.175293	-119.919121
17872.558594	-108.016258
17877.941895	-101.875626
17883.325195	-105.377594
17888.708496	-97.821114
17894.091797	-91.833107
17899.475098	-89.345825
17904.858398	-90.723320
17910.241699	-89.594383
17915.625000	-96.035706
17921.008301	-99.736397
17926.391602	-93.288559
17931.774902	-89.978470
17937.158203	-97.497162
17942.541504	-101.565300
17947.924805	-104.730209
17953.308105	-103.646935
17958.691406	-102.917366
17964.074707	-113.142021
17969.458008	-103.416985
17974.841309	-107.133087
17980.224609	-93.461044
17985.607910	-95.265121
17990.991211	-91.425537
17996.374512	-91.250999
18001.757812	-95.714096
18007.141113	-101.080437
18012.524414	-99.086029
18017.907715	-110.642036
18023.291016	-100.891258
18028.674316	-94.596611
18034.057617	-93.878044
18039.440918	-102.055511
18044.824219	-102.416130
18050.207520	-100.744270
18055.590820	-102.651344
18060.974121	-96.142136
18066.357422	-91.749565
18071.740723	-93.451279
18077.124023	-108.211555
18082.507324	-114.989288
18087.890625	-114.553024
18093.273926	-91.345558
18098.657227	-88.970718
18104.040527	-90.947395
18109.423828	-91.282913
18114.807129	-90.214981
18120.190430	-94.178864
18125.573730	-101.309204
18130.957031	-112.152115
18136.340332	-98.150192
18141.723633	-97.807304
18147.106934	-101.145546
18152.490234	-110.320511
18157.873535	-96.605370
18163.256836	-106.168884
18168.640137	-100.075783
18174.023438	-105.625999
18179.406738	-96.277412
18184.790039	-93.440681
18190.173340	-102.418411
18195.556641	-94.157402
18200.939941	-88.201302
18206.323242	-89.357796
18211.706543	-99.344170
18217.089844	-116.093437
18222.473145	-101.058311
18227.856445	-93.932495
18233.239746	-86.707787
18238.623047	-89.395195
18244.006348	-91.539047
18249.389648	-111.419113
18254.772949	-98.041145
18260.156250	-108.179558
18265.539551	-99.392792
18270.922852	-98.439529
18276.306152	-98.363884
18281.689453	-96.733986
18287.072754	-96.419304
18292.456055	-99.656052
18297.839355	-108.157005
18303.222656	-104.402420
18308.605957	-98.317520
18313.989258	-100.644119
18319.372559	-97.940643
18324.755859	-102.828522
18330.139160	-94.394478
18335.522461	-97.178604
18340.905762	-99.584816
18346.289062	-101.539581
18351.672363	-98.306725
18357.055664	-93.503792
18362.438965	-97.033150
18367.822266	-93.325043
18373.205566	-101.980400
18378.588867	-88.727440
18383.972168	-88.033264
18389.355469	-102.687172
18394.738770	-93.059288
18400.122070	-90.329010
18405.505371	-93.916672
18410.888672	-99.053513
18416.271973	-92.227081
18421.655273	-92.910385
18427.038574	-99.518089
18432.421875	-103.533501
18437.805176	-105.556747
18443.188477	-102.206078
18448.571777	-108.575706
18453.955078	-104.354744
18459.338379	-92.901886
18464.721680	-93.930374
18470.104980	-98.813576
18475.488281	-101.109932
18480.871582	-100.373917
18486.254883	-101.664955
18491.638184	-106.463753
18497.021484	-97.757011
18502.404785	-93.554199
18507.788086	-106.429604
18513.171387	-93.623520
18518.554688	-97.167557
18523.937988	-120.376213
18529.321289	-112.033890
18534.704590	-102.234932
18540.087891	-96.033417
18545.471191	-102.481804
18550.854492	-114.685486
18556.237793	-97.008865
18561.621094	-90.555534
18567.004395	-90.573494
18572.387695	-94.848228
18577.770996	-96.726028
18583.154297	-107.126770
18588.537598	-94.390030
18593.920898	-93.404541
18599.304199	-102.024689
18604.687500	-99.135292
18610.070801	-93.237923
18615.454102	-91.422775
18620.837402	-97.660309
18626.220703	-97.897476
18631.604004	-113.821747
18636.987305	-109.258499
18642.370605	-99.605705
18647.753906	-102.297455
18653.137207	-102.622536
18658.520508	-94.505615
18663.903809	-122.005318
18669.287109	-95.999474
18674.670410	-94.081345
18680.053711	-93.536499
18685.437012	-99.054390
18690.820312	-94.735191
18696.203613	-96.721245
18701.586914	-95.555557
18706.970215	-96.723511
18712.353516	-100.046066
18717.736816	-98.136597
18723.120117	-104.165382
18728.503418	-95.451118
18733.886719	-101.332932
18739.270020	-105.460747
18744.653320	-100.493332
18750.036621	-98.135300
18755.419922	-110.664963
18760.803223	-99.280670
18766.186523	-100.226219
18771.569824	-110.350227
18776.953125	-104.558578
18782.336426	-98.646729
18787.719727	-102.902130
18793.103027	-105.086456
18798.486328	-108.683449
18803.869629	-98.206581
18809.252930	-94.489677
18814.636230	-101.295547
18820.019531	-102.035881
18825.402832	-100.864609
18830.786133	-95.734924
18836.169434	-94.115967
18841.552734	-96.815849
18846.936035	-96.317795
18852.319336	-91.840157
18857.702637	-94.699059
18863.085938	-103.318771
18868.469238	-94.062912
18873.852539	-102.488556
18879.235840	-98.076378
18884.619141	-94.260147
18890.002441	-98.229485
18895.385742	-108.301086
18900.769043	-101.097763
18906.152344	-92.548103
18911.535645	-94.071098
18916.918945	-100.128746
18922.302246	-96.856453
18927.685547	-92.312035
18933.068848	-93.857788
18938.452148	-91.881828
18943.835449	-91.610229
18949.218750	-94.168022
18954.602051	-96.027870
18959.985352	-100.256096
18965.368652	-98.773758
18970.751953	-101.101967
18976.135254	-103.282074
18981.518555	-101.363548
18986.901855	-106.362518
18992.285156	-99.371590
18997.668457	-94.152191
19003.051758	-99.812912
19008.435059	-96.988258
19013.818359	-107.996567
19019.201660	-94.320602
19024.584961	-95.758240
19029.968262	-94.521866
19035.351562	-98.473328
19040.734863	-94.370224
19046.118164	-105.638214
19051.501465	-99.687706
19056.884766	-92.535774
19062.268066	-94.137024
19067.651367	-97.286812
19073.034668	-95.860237
19078.417969	-94.767677
19083.801270	-92.479118
19089.184570	-99.619949
19094.567871	-99.235924
19099.951172	-101.188644
19105.334473	-97.578110
19110.717773	-95.076408
19116.101074	-111.983253
19121.484375	-100.610558
19126.867676	-98.834511
19132.250977	-97.978577
19137.634277	-101.159744
19143.017578	-100.092621
19148.400879	-97.298386
19153.784180	-93.552078
19159.167480	-94.240540
19164.550781	-96.415596
19169.934082	-114.286354
19175.317383	-99.052528
19180.700684	-97.550179
19186.083984	-99.881142
19191.467285	-100.654823
19196.850586	-98.830223
19202.233887	-101.107307
19207.617188	-108.349434
19213.000488	-95.425247
19218.383789	-104.570969
19223.767090	-100.462379
19229.150391	-100.797523
19234.533691	-91.713585
19239.916992	-89.971001
19245.300293	-94.161453
19250.683594	-100.651749
19256.066895	-101.142448
19261.450195	-100.143669
19266.833496	-102.232910
19272.216797	-94.355103
19277.600098	-97.565704
19282.983398	-98.501747
19288.366699	-92.240204
19293.750000	-92.486397
19299.133301	-93.919907
19304.516602	-93.482399
19309.899902	-101.271049
19315.283203	-105.477074
19320.666504	-105.083572
19326.049805	-98.975716
19331.433105	-91.335220
19336.816406	-89.398712
19342.199707	-96.062912
19347.583008	-99.804153
19352.966309	-104.244385
19358.349609	-99.610474
19363.732910	-99.126556
19369.116211	-98.585480
19374.499512	-102.222427
19379.882812	-102.935783
19385.266113	-93.854706
19390.649414	-99.146545
19396.032715	-106.256508
19401.416016	-119.952904
19406.799316	-101.407921
19412.182617	-101.787308
19417.565918	-95.356148
19422.949219	-98.015671
19428.332520	-93.027367
19433.715820	-93.673698
19439.099121	-102.373535
19444.482422	-97.738846
19449.865723	-93.071732
19455.249023	-95.915901
19460.632324	-95.090828
19466.015625	-105.044388
19471.398926	-98.523415
19476.782227	-89.015442
19482.165527	-88.705513
19487.548828	-94.454468
19492.932129	-99.109077
19498.315430	-103.000687
19503.698730	-99.658112
19509.082031	-97.535316
19514.465332	-98.939774
19519.848633	-92.579918
19525.231934	-90.175674
19530.615234	-91.872772
19535.998535	-93.226601
19541.381836	-91.667183
19546.765137	-102.254074
19552.148438	-108.892342
19557.531738	-105.553284
19562.915039	-106.490669
19568.298340	-104.970764
19573.681641	-106.633171
19579.064941	-101.876198
19584.448242	-114.547569
19589.831543	-104.493408
19595.214844	-103.666931
19600.598145	-101.487389
19605.981445	-101.540047
19611.364746	-112.958603
19616.748047	-96.165321
19622.131348	-97.714111
19627.514648	-113.782051
19632.897949	-96.617546
19638.281250	-105.816170
19643.664551	-95.646179
19649.047852	-99.501984
19654.431152	-101.048958
19659.814453	-100.424477
19665.197754	-105.050102
19670.581055	-95.763901
19675.964355	-93.143013
19681.347656	-98.822945
19686.730957	-90.097481
19692.114258	-90.722450
19697.497559	-100.576332
19702.880859	-95.561295
19708.264160	-90.037476
19713.647461	-89.425323
19719.030762	-95.324989
19724.414062	-108.699989
19729.797363	-104.682938
19735.180664	-97.449600
19740.563965	-97.819641
19745.947266	-95.468689
19751.330566	-93.081894
19756.713867	-110.095093
19762.097168	-96.115265
19767.480469	-93.262672
19772.863770	-98.428795
19778.247070	-95.964066
19783.630371	-96.498070
19789.013672	-95.498024
19794.396973	-102.203812
19799.780273	-100.446365
19805.163574	-104.292633
19810.546875	-98.914795
19815.930176	-93.534332
19821.313477	-96.728714
19826.696777	-99.558624
19832.080078	-100.076157
19837.463379	-99.782166
19842.846680	-94.898354
19848.229980	-97.253868
19853.613281	-100.728294
19858.996582	-101.592216
19864.379883	-98.147827
19869.763184	-93.697960
19875.146484	-100.600281
19880.529785	-100.710152
19885.913086	-95.366959
19891.296387	-99.020126
19896.679688	-97.421043
19902.062988	-92.349510
19907.446289	-92.624763
19912.829590	-95.528023
19918.212891	-96.331558
19923.596191	-97.271530
19928.979492	-93.607864
19934.362793	-98.838989
19939.746094	-111.412376
19945.129395	-95.325478
19950.512695	-99.042862
19955.895996	-110.122208
19961.279297	-102.880646
19966.662598	-102.447571
19972.045898	-106.685776
19977.429199	-95.942627
19982.812500	-92.867180
19988.195801	-95.990273
19993.579102	-93.999878
19998.962402	-107.849388
20004.345703	-98.739967
20009.729004	-95.859077
20015.112305	-109.293808
20020.495605	-97.696983
20025.878906	-102.408195
20031.262207	-104.673958
20036.645508	-96.957176
20042.028809	-99.382080
20047.412109	-98.256714
20052.795410	-90.525543
20058.178711	-91.064690
20063.562012	-95.393082
20068.945312	-105.804504
20074.328613	-96.057472
20079.711914	-96.694427
20085.095215	-102.476242
20090.478516	-99.687820
20095.861816	-100.454842
20101.245117	-104.452835
20106.628418	-98.099075
20112.011719	-98.407021
20117.395020	-96.667076
20122.778320	-94.042641
20128.161621	-108.433670
20133.544922	-94.209381
20138.928223	-97.534164
20144.311523	-108.029343
20149.694824	-97.533539
20155.078125	-100.480240
20160.461426	-104.280457
20165.844727	-105.449142
20171.228027	-114.512527
20176.611328	-116.515511
20181.994629	-97.296448
20187.377930	-95.080833
20192.761230	-95.250565
20198.144531	-101.472275
20203.527832	-117.414436
20208.911133	-99.588318
20214.294434	-96.303444
20219.677734	-93.707794
20225.061035	-100.546364
20230.444336	-95.336266
20235.827637	-93.948196
20241.210938	-95.778816
20246.594238	-98.284950
20251.977539	-96.008797
20257.360840	-94.610245
20262.744141	-94.435631
20268.127441	-108.101074
20273.510742	-94.676331
20278.894043	-99.807747
20284.277344	-101.699028
20289.660645	-103.716393
20295.043945	-101.820221
20300.427246	-101.847519
20305.810547	-102.722176
20311.193848	-102.678078
20316.577148	-103.004211
20321.960449	-102.772598
20327.343750	-94.869408
20332.727051	-97.202232
20338.110352	-98.201614
20343.493652	-102.502556
20348.876953	-102.118820
20354.260254	-100.549744
20359.643555	-93.848969
20365.026855	-93.994972
20370.410156	-96.218758
20375.793457	-104.399330
20381.176758	-104.905205
20386.560059	-109.695274
20391.943359	-109.355530
20397.326660	-101.102814
20402.709961	-98.028198
20408.093262	-92.867516
20413.476562	-93.302658
20418.859863	-104.069878
20424.243164	-119.440315
20429.626465	-101.949432
20435.009766	-96.589943
20440.393066	-105.835167
20445.776367	-95.144386
20451.159668	-97.440826
20456.542969	-100.413239
20461.926270	-103.851753
20467.309570	-111.366989
20472.692871	-92.543861
20478.076172	-94.692825
20483.459473	-92.582611
20488.842773	-106.531723
20494.226074	-97.698959
20499.609375	-106.794876
20504.992676	-99.627716
20510.375977	-95.072510
20515.759277	-104.878601
20521.142578	-96.384300
20526.525879	-96.799362
20531.909180	-95.845673
20537.292480	-97.616814
20542.675781	-111.683914
20548.059082	-99.891914
20553.442383	-100.662834
20558.825684	-96.163284
20564.208984	-97.291435
20569.592285	-99.212097
20574.975586	-104.824593
20580.358887	-110.590309
20585.742188	-100.962692
20591.125488	-94.931755
20596.508789	-92.544273
20601.892090	-94.118263
20607.275391	-92.589401
20612.658691	-97.727303
20618.041992	-106.867348
20623.425293	-96.201073
20628.808594	-95.118973
20634.191895	-100.373573
20639.575195	-99.831635
20644.958496	-98.409012
20650.341797	-101.644791
20655.725098	-96.560165
20661.108398	-94.599190
20666.491699	-108.334488
20671.875000	-97.161003
20677.258301	-103.330986
20682.641602	-102.468994
20688.024902	-105.182098
20693.408203	-102.623474
20698.791504	-97.078430
20704.174805	-101.373360
20709.558105	-92.259750
20714.941406	-94.429558
20720.324707	-103.858681
20725.708008	-105.057610
20731.091309	-103.640167
20736.474609	-97.300217
20741.857910	-103.988548
20747.241211	-103.330971
20752.624512	-105.038506
20758.007812	-100.378899
20763.391113	-98.980232
20768.774414	-99.913887
20774.157715	-104.329224
20779.541016	-97.852348
20784.924316	-94.242165
20790.307617	-96.286163
20795.690918	-103.577126
20801.074219	-99.018074
20806.457520	-102.713692
20811.840820	-98.811882
20817.224121	-101.799850
20822.607422	-108.551788
20827.990723	-103.632790
20833.374023	-99.905479
20838.757324	-99.131981
20844.140625	-94.608978
20849.523926	-93.215828
20854.907227	-96.601158
20860.290527	-97.582413
20865.673828	-104.295898
20871.057129	-98.265999
20876.440430	-102.838676
20881.823730	-107.287895
20887.207031	-101.803162
20892.590332	-96.487152
20897.973633	-96.679703
20903.356934	-95.161064
20908.740234	-94.892960
20914.123535	-101.391083
20919.506836	-97.565735
20924.890137	-93.270515
20930.273438	-103.488281
20935.656738	-94.025314
20941.040039	-100.635933
20946.423340	-104.063370
20951.806641	-95.107109
20957.189941	-101.737488
20962.573242	-101.233238
20967.956543	-100.269806
20973.339844	-101.028595
20978.723145	-95.851257
20984.106445	-106.368927
20989.489746	-101.054565
20994.873047	-95.370300
21000.256348	-101.557381
21005.639648	-115.917946
21011.022949	-99.921745
21016.406250	-110.790146
21021.789551	-111.672707
21027.172852	-106.825539
21032.556152	-103.070648
21037.939453	-97.652756
21043.322754	-101.123581
21048.706055	-103.099167
21054.089355	-101.089348
21059.472656	-107.378860
21064.855957	-113.056580
21070.239258	-104.768227
21075.622559	-117.080383
21081.005859	-113.310638
21086.389160	-98.271187
21091.772461	-97.537231
21097.155762	-99.231369
21102.539062	-108.649826
21107.922363	-101.061310
21113.305664	-104.246323
21118.688965	-98.170509
21124.072266	-98.164261
21129.455566	-110.109436
21134.838867	-103.387672
21140.222168	-106.015465
21145.605469	-103.380470
21150.988770	-110.735382
21156.372070	-105.080605
21161.755371	-101.028343
21167.138672	-113.128082
21172.521973	-104.614151
21177.905273	-103.466164
21183.288574	-106.969589
21188.671875	-105.083199
21194.055176	-103.736832
21199.438477	-102.468422
21204.821777	-105.348923
21210.205078	-98.215546
21215.588379	-96.149406
21220.971680	-97.924179
21226.354980	-104.317726
21231.738281	-105.209290
21237.121582	-105.195999
21242.504883	-103.717613
21247.888184	-100.832977
21253.271484	-106.112465
21258.654785	-98.922760
21264.038086	-100.453896
21269.421387	-102.328102
21274.804688	-118.103729
21280.187988	-106.299652
21285.571289	-102.405182
21290.954590	-107.441124
21296.337891	-96.613586
21301.721191	-97.516304
21307.104492	-97.242607
21312.487793	-102.319855
21317.871094	-104.358032
21323.254395	-102.684204
21328.637695	-108.551514
21334.020996	-109.995491
21339.404297	-102.139709
21344.787598	-99.925522
21350.170898	-118.047798
21355.554199	-99.206070
21360.937500	-103.676872
21366.320801	-106.955406
21371.704102	-100.352409
21377.087402	-103.047127
21382.470703	-109.005974
21387.854004	-106.691475
21393.237305	-100.175171
21398.620605	-108.938812
21404.003906	-104.062813
21409.387207	-99.560844
21414.770508	-103.825020
21420.153809	-101.467857
21425.537109	-102.959404
21430.920410	-109.138443
21436.303711	-94.804359
21441.687012	-99.318657
21447.070312	-107.839020
21452.453613	-99.656799
21457.836914	-101.820274
21463.220215	-104.353035
21468.603516	-104.101349
21473.986816	-108.361565
21479.370117	-99.228813
21484.753418	-98.365814
21490.136719	-108.871132
21495.520020	-105.908600
21500.903320	-104.912857
21506.286621	-98.935135
21511.669922	-98.578705
21517.053223	-96.878891
21522.436523	-101.412033
21527.819824	-113.872856
21533.203125	-110.337311
21538.586426	-102.970467
21543.969727	-104.773232
21549.353027	-119.327057
21554.736328	-104.527878
21560.119629	-107.932266
21565.502930	-108.212196
21570.886230	-100.870705
21576.269531	-102.320244
21581.652832	-106.626984
21587.036133	-104.022667
21592.419434	-107.607292
21597.802734	-99.945244
21603.186035	-109.309166
21608.569336	-107.873306
21613.952637	-109.444618
21619.335938	-111.304909
21624.719238	-117.724106
21630.102539	-101.994019
21635.485840	-102.627083
21640.869141	-100.912735
21646.252441	-101.743774
21651.635742	-114.598312
21657.019043	-102.518059
21662.402344	-112.401672
21667.785645	-102.755394
21673.168945	-103.054977
21678.552246	-105.146736
21683.935547	-107.084000
21689.318848	-114.843773
21694.702148	-109.999367
21700.085449	-121.792969
21705.468750	-102.345062
21710.852051	-111.792664
21716.235352	-100.065735
21721.618652	-107.583145
21727.001953	-101.461205
21732.385254	-100.516052
21737.768555	-112.476379
21743.151855	-105.559441
21748.535156	-103.761497
21753.918457	-102.394897
21759.301758	-111.202850
21764.685059	-104.727242
21770.068359	-98.156151
21775.451660	-98.314377
21780.834961	-105.006622
21786.218262	-105.429909
21791.601562	-101.278198
21796.984863	-99.704201
21802.368164	-102.630600
21807.751465	-102.620506
21813.134766	-106.695221
21818.518066	-102.226448
21823.901367	-105.704056
21829.284668	-108.750587
21834.667969	-105.210396
21840.051270	-104.924622
21845.434570	-110.416161
21850.817871	-112.225304
21856.201172	-102.436127
21861.584473	-104.964561
21866.967773	-105.194710
21872.351074	-108.483986
21877.734375	-110.356667
21883.117676	-103.523148
21888.500977	-104.008568
21893.884277	-103.163948
21899.267578	-107.998184
21904.650879	-102.131950
21910.034180	-98.882751
21915.417480	-105.999847
21920.800781	-108.413689
21926.184082	-104.549706
21931.567383	-100.139839
21936.950684	-102.760902
21942.333984	-104.470779
21947.717285	-100.859917
21953.100586	-97.070023
21958.483887	-104.124252
21963.867188	-97.929581
21969.250488	-100.244415
21974.633789	-112.312569
21980.017090	-108.797852
21985.400391	-115.224571
21990.783691	-116.321808
21996.166992	-104.589661
22001.550293	-105.937332
22006.933594	-124.972084
22012.316895	-102.670258
22017.700195	-100.386482
22023.083496	-120.602486
22028.466797	-104.784996
22033.850098	-106.432434
22039.233398	-100.458443
22044.616699	-112.237389
