Frequency (Hz)	Level (dB)
5.383301	-68.987686
10.766602	-73.616493
16.149902	-65.853065
21.533203	-72.282768
26.916504	-65.875015
32.299805	-56.929070
37.683105	-58.384254
43.066406	-60.050125
48.449707	-56.149204
53.833008	-57.408817
59.216309	-54.544250
64.599609	-55.649670
69.982910	-65.347717
75.366211	-69.867424
80.749512	-75.157700
86.132812	-65.951851
91.516113	-64.006638
96.899414	-65.077309
102.282715	-68.177811
107.666016	-60.285549
113.049316	-64.971436
118.432617	-64.843582
123.815918	-59.646477
129.199219	-60.895363
134.582520	-58.663818
139.965820	-62.818699
145.349121	-59.700417
150.732422	-60.785042
156.115723	-58.548363
161.499023	-57.587944
166.882324	-57.355747
172.265625	-57.015358
177.648926	-57.817043
183.032227	-59.149662
188.415527	-55.249218
193.798828	-56.230923
199.182129	-59.695816
204.565430	-58.109219
209.948730	-54.375393
215.332031	-56.720634
220.715332	-60.954514
226.098633	-59.414902
231.481934	-60.335400
236.865234	-53.017143
242.248535	-53.716702
247.631836	-52.050888
253.015137	-48.831066
258.398438	-51.127281
263.781738	-51.822937
269.165039	-54.219990
274.548340	-69.518082
279.931641	-61.984367
285.314941	-52.431240
290.698242	-55.776642
296.081543	-69.147072
301.464844	-60.687969
306.848145	-59.796947
312.231445	-61.127735
317.614746	-55.611885
322.998047	-62.188217
328.381348	-61.525829
333.764648	-59.526337
339.147949	-50.191830
344.531250	-49.750515
349.914551	-53.665237
355.297852	-62.333546
360.681152	-58.167542
366.064453	-58.443493
371.447754	-58.848831
376.831055	-66.857887
382.214355	-65.681076
387.597656	-63.548164
392.980957	-58.868607
398.364258	-47.970974
403.747559	-47.790699
409.130859	-47.283054
414.514160	-47.821800
419.897461	-55.832111
425.280762	-47.317715
430.664062	-46.418453
436.047363	-51.560440
441.430664	-40.160892
446.813965	-43.800987
452.197266	-51.895061
457.580566	-55.462952
462.963867	-64.394226
468.347168	-62.943539
473.730469	-71.109657
479.113770	-65.850952
484.497070	-66.738159
489.880371	-64.356537
495.263672	-64.879494
500.646973	-69.328163
506.030273	-65.445198
511.413574	-62.768963
516.796875	-65.037048
522.180176	-68.120712
527.563477	-65.904930
532.946777	-61.416893
538.330078	-67.869865
543.713379	-67.697327
549.096680	-64.872314
554.479980	-65.140839
559.863281	-66.699921
565.246582	-68.125511
570.629883	-67.603294
576.013184	-60.530151
581.396484	-64.558731
586.779785	-70.498459
592.163086	-64.311478
597.546387	-59.249832
602.929688	-59.808533
608.312988	-64.394012
613.696289	-65.175911
619.079590	-65.733704
624.462891	-58.977318
629.846191	-61.441383
635.229492	-65.520668
640.612793	-64.411858
645.996094	-65.745148
651.379395	-74.062103
656.762695	-75.412895
662.145996	-69.307816
667.529297	-64.816612
672.912598	-70.350311
678.295898	-68.942009
683.679199	-65.614395
689.062500	-66.799477
694.445801	-66.657379
699.829102	-68.205696
705.212402	-59.859486
710.595703	-64.629021
715.979004	-64.581985
721.362305	-71.196304
726.745605	-61.267639
732.128906	-65.312981
737.512207	-71.210831
742.895508	-62.601345
748.278809	-66.549660
753.662109	-74.320984
759.045410	-70.600594
764.428711	-61.292809
769.812012	-60.203651
775.195312	-61.233570
780.578613	-67.017258
785.961914	-63.803646
791.345215	-69.888168
796.728516	-76.643578
802.111816	-70.805710
807.495117	-67.289734
812.878418	-62.609295
818.261719	-69.140022
823.645020	-66.922668
829.028320	-64.747833
834.411621	-68.995094
839.794922	-64.042618
845.178223	-63.974522
850.561523	-64.923584
855.944824	-67.148560
861.328125	-66.808060
866.711426	-67.853386
872.094727	-74.994812
877.478027	-70.040833
882.861328	-68.338699
888.244629	-65.963554
893.627930	-66.286057
899.011230	-67.022659
904.394531	-66.085732
909.777832	-62.307915
915.161133	-67.752663
920.544434	-72.532120
925.927734	-66.963707
931.311035	-69.278000
936.694336	-71.903061
942.077637	-68.997482
947.460938	-75.069389
952.844238	-73.512276
958.227539	-74.365433
963.610840	-69.300552
968.994141	-70.022980
974.377441	-77.938049
979.760742	-70.775002
985.144043	-71.061020
990.527344	-69.178970
995.910645	-64.728355
1001.293945	-68.853104
1006.677246	-71.661125
1012.060547	-68.082321
1017.443848	-67.353065
1022.827148	-66.998550
1028.210449	-67.515381
1033.593750	-70.231873
1038.977051	-67.151978
1044.360352	-75.012413
1049.743652	-70.669579
1055.126953	-74.862640
1060.510254	-74.979980
1065.893555	-74.249039
1071.276855	-80.319695
1076.660156	-73.046501
1082.043457	-73.489777
1087.426758	-72.416199
1092.810059	-76.136337
1098.193359	-63.651272
1103.576660	-62.706512
1108.959961	-73.604362
1114.343262	-78.195503
1119.726562	-82.606277
1125.109863	-72.584328
1130.493164	-71.256973
1135.876465	-75.647408
1141.259766	-75.216148
1146.643066	-70.672043
1152.026367	-66.461853
1157.409668	-60.453152
1162.792969	-59.642605
1168.176270	-68.714653
1173.559570	-70.677452
1178.942871	-68.430298
1184.326172	-65.660599
1189.709473	-64.309647
1195.092773	-63.024734
1200.476074	-72.151909
1205.859375	-73.361618
1211.242676	-60.951530
1216.625977	-55.409252
1222.009277	-60.763828
1227.392578	-68.649483
1232.775879	-63.936535
1238.159180	-66.361496
1243.542480	-68.046501
1248.925781	-72.891167
1254.309082	-69.476006
1259.692383	-77.894508
1265.075684	-70.794838
1270.458984	-65.497238
1275.842285	-68.172951
1281.225586	-73.185356
1286.608887	-74.168083
1291.992188	-64.814499
1297.375488	-60.387749
1302.758789	-65.598984
1308.142090	-69.593552
1313.525391	-73.396996
1318.908691	-72.399521
1324.291992	-68.897995
1329.675293	-66.715790
1335.058594	-73.040237
1340.441895	-68.718025
1345.825195	-68.164001
1351.208496	-66.164864
1356.591797	-66.547455
1361.975098	-65.759308
1367.358398	-63.184959
1372.741699	-63.498779
1378.125000	-68.936401
1383.508301	-77.608208
1388.891602	-65.918922
1394.274902	-64.407532
1399.658203	-69.045158
1405.041504	-71.280571
1410.424805	-66.361755
1415.808105	-66.711243
1421.191406	-69.171890
1426.574707	-71.118942
1431.958008	-66.194466
1437.341309	-58.946609
1442.724609	-57.848679
1448.107910	-66.657196
1453.491211	-63.886990
1458.874512	-64.375931
1464.257812	-73.764221
1469.641113	-68.055405
1475.024414	-63.642334
1480.407715	-68.782593
1485.791016	-70.129852
1491.174316	-69.941116
1496.557617	-69.637596
1501.940918	-71.130981
1507.324219	-69.738770
1512.707520	-65.870178
1518.090820	-65.208183
1523.474121	-64.341423
1528.857422	-64.177002
1534.240723	-62.716156
1539.624023	-68.582428
1545.007324	-60.388901
1550.390625	-62.902027
1555.773926	-68.478760
1561.157227	-66.642761
1566.540527	-69.208397
1571.923828	-72.195038
1577.307129	-71.385269
1582.690430	-75.012161
1588.073730	-69.415588
1593.457031	-72.810410
1598.840332	-70.918869
1604.223633	-66.423050
1609.606934	-65.583740
1614.990234	-64.884796
1620.373535	-68.859657
1625.756836	-66.872383
1631.140137	-67.205238
1636.523438	-71.242874
1641.906738	-74.740860
1647.290039	-70.756386
1652.673340	-65.518555
1658.056641	-63.813232
1663.439941	-64.471725
1668.823242	-64.377174
1674.206543	-65.393349
1679.589844	-64.507843
1684.973145	-66.403625
1690.356445	-65.948212
1695.739746	-69.161484
1701.123047	-65.652489
1706.506348	-68.240112
1711.889648	-70.206932
1717.272949	-66.819267
1722.656250	-66.139984
1728.039551	-77.133507
1733.422852	-79.537247
1738.806152	-95.113609
1744.189453	-69.428833
1749.572754	-75.124397
1754.956055	-64.676292
1760.339355	-67.514404
1765.722656	-69.130119
1771.105957	-68.416153
1776.489258	-71.353912
1781.872559	-67.392433
1787.255859	-66.739212
1792.639160	-64.960716
1798.022461	-66.534286
1803.405762	-63.433498
1808.789062	-63.168026
1814.172363	-69.418724
1819.555664	-66.569504
1824.938965	-65.238174
1830.322266	-59.429863
1835.705566	-54.876938
1841.088867	-52.518665
1846.472168	-58.230099
1851.855469	-64.739838
1857.238770	-63.842045
1862.622070	-65.545792
1868.005371	-58.924042
1873.388672	-55.789669
1878.771973	-61.434250
1884.155273	-67.123276
1889.538574	-61.785297
1894.921875	-65.166931
1900.305176	-64.019005
1905.688477	-70.024704
1911.071777	-63.041634
1916.455078	-60.390141
1921.838379	-62.462624
1927.221680	-62.900333
1932.604980	-70.915962
1937.988281	-67.338524
1943.371582	-70.027496
1948.754883	-68.682564
1954.138184	-68.668129
1959.521484	-65.572357
1964.904785	-58.665836
1970.288086	-59.715023
1975.671387	-64.214722
1981.054688	-63.155350
1986.437988	-71.155830
1991.821289	-72.871269
1997.204590	-64.407814
2002.587891	-60.836002
2007.971191	-58.264462
2013.354492	-59.773144
2018.737793	-66.504173
2024.121094	-63.895741
2029.504395	-64.889236
2034.887695	-61.245255
2040.270996	-62.811890
2045.654297	-66.074623
2051.037598	-60.615311
2056.420898	-60.239010
2061.804199	-73.103264
2067.187500	-66.876770
2072.570801	-64.019264
2077.954102	-63.457851
2083.337402	-70.460526
2088.720703	-65.557251
2094.104004	-65.305702
2099.487305	-69.939026
2104.870605	-65.887375
2110.253906	-66.681465
2115.637207	-62.474720
2121.020508	-65.721619
2126.403809	-61.022167
2131.787109	-56.795723
2137.170410	-56.763592
2142.553711	-61.345081
2147.937012	-68.223427
2153.320312	-64.252808
2158.703613	-61.243103
2164.086914	-59.455330
2169.470215	-65.397621
2174.853516	-59.896717
2180.236816	-59.937420
2185.620117	-64.197533
2191.003418	-60.951355
2196.386719	-58.637199
2201.770020	-71.482101
2207.153320	-66.346756
2212.536621	-63.474098
2217.919922	-62.969009
2223.303223	-68.535316
2228.686523	-62.311924
2234.069824	-62.698154
2239.453125	-61.660133
2244.836426	-60.053970
2250.219727	-64.464577
2255.603027	-63.724854
2260.986328	-60.737110
2266.369629	-58.131077
2271.752930	-55.116547
2277.136230	-60.144062
2282.519531	-54.831100
2287.902832	-56.098778
2293.286133	-61.132618
2298.669434	-52.271503
2304.052734	-53.803753
2309.436035	-58.739395
2314.819336	-54.714191
2320.202637	-56.674728
2325.585938	-54.322510
2330.969238	-55.597904
2336.352539	-56.720013
2341.735840	-54.201782
2347.119141	-53.231651
2352.502441	-49.371582
2357.885742	-52.654083
2363.269043	-57.616428
2368.652344	-55.011818
2374.035645	-59.467888
2379.418945	-58.619781
2384.802246	-61.209129
2390.185547	-62.610264
2395.568848	-64.009880
2400.952148	-58.321819
2406.335449	-57.992607
2411.718750	-57.162197
2417.102051	-56.892200
2422.485352	-49.143818
2427.868652	-42.327129
2433.251953	-45.152176
2438.635254	-33.180542
2444.018555	-32.948513
2449.401855	-40.346619
2454.785156	-43.401665
2460.168457	-37.647453
2465.551758	-37.632992
2470.935059	-43.923435
2476.318359	-43.942005
2481.701660	-42.447094
2487.084961	-41.781269
2492.468262	-45.505569
2497.851562	-42.653267
2503.234863	-46.400055
2508.618164	-56.323845
2514.001465	-71.633972
2519.384766	-75.324806
2524.768066	-72.833496
2530.151367	-53.731895
2535.534668	-44.639721
2540.917969	-46.715714
2546.301270	-55.525513
2551.684570	-62.396084
2557.067871	-64.530739
2562.451172	-60.389317
2567.834473	-53.751602
2573.217773	-54.413261
2578.601074	-61.640919
2583.984375	-57.740768
2589.367676	-58.994312
2594.750977	-56.389271
2600.134277	-57.956688
2605.517578	-57.319008
2610.900879	-56.567554
2616.284180	-54.537586
2621.667480	-54.710320
2627.050781	-60.471596
2632.434082	-59.825783
2637.817383	-56.351505
2643.200684	-53.549217
2648.583984	-56.940823
2653.967285	-58.391659
2659.350586	-67.748711
2664.733887	-62.926937
2670.117188	-61.084362
2675.500488	-56.070663
2680.883789	-58.182560
2686.267090	-67.187141
2691.650391	-60.723797
2697.033691	-59.077209
2702.416992	-59.623779
2707.800293	-66.420555
2713.183594	-59.414047
2718.566895	-67.618233
2723.950195	-60.965309
2729.333496	-59.852898
2734.716797	-56.107265
2740.100098	-57.119873
2745.483398	-51.162422
2750.866699	-52.487770
2756.250000	-55.592808
2761.633301	-61.257233
2767.016602	-58.163761
2772.399902	-62.195858
2777.783203	-64.987747
2783.166504	-62.906128
2788.549805	-63.006680
2793.933105	-64.639435
2799.316406	-64.349167
2804.699707	-65.564934
2810.083008	-62.251541
2815.466309	-58.754303
2820.849609	-58.241108
2826.232910	-61.365723
2831.616211	-62.930862
2836.999512	-65.642204
2842.382812	-60.880585
2847.766113	-64.131905
2853.149414	-63.881603
2858.532715	-64.886223
2863.916016	-62.887348
2869.299316	-60.862648
2874.682617	-55.941772
2880.065918	-49.726120
2885.449219	-52.862751
2890.832520	-56.291885
2896.215820	-61.445053
2901.599121	-59.583664
2906.982422	-55.480995
2912.365723	-57.585491
2917.749023	-62.665829
2923.132324	-55.154900
2928.515625	-51.172615
2933.898926	-59.653637
2939.282227	-58.671375
2944.665527	-55.277203
2950.048828	-59.182934
2955.432129	-60.425793
2960.815430	-63.264107
2966.198730	-53.132271
2971.582031	-51.681664
2976.965332	-49.968868
2982.348633	-48.976501
2987.731934	-52.233341
2993.115234	-51.793541
2998.498535	-54.305508
3003.881836	-55.416084
3009.265137	-53.973896
3014.648438	-48.903183
3020.031738	-50.829517
3025.415039	-52.904900
3030.798340	-54.094582
3036.181641	-50.382782
3041.564941	-51.828445
3046.948242	-55.782803
3052.331543	-56.135185
3057.714844	-60.207634
3063.098145	-59.001354
3068.481445	-56.335369
3073.864746	-58.699245
3079.248047	-71.286438
3084.631348	-70.339676
3090.014648	-59.030418
3095.397949	-56.557133
3100.781250	-60.220070
3106.164551	-58.545605
3111.547852	-55.244633
3116.931152	-52.956375
3122.314453	-44.143440
3127.697754	-35.036228
3133.081055	-35.764778
3138.464355	-41.676884
3143.847656	-41.854282
3149.230957	-53.108166
3154.614258	-41.529312
3159.997559	-39.923737
3165.380859	-37.684788
3170.764160	-39.359550
3176.147461	-41.071415
3181.530762	-45.799637
3186.914062	-40.225193
3192.297363	-36.900547
3197.680664	-34.113651
3203.063965	-40.279861
3208.447266	-50.546352
3213.830566	-48.801975
3219.213867	-58.393803
3224.597168	-57.093651
3229.980469	-57.830803
3235.363770	-50.434593
3240.747070	-51.499691
3246.130371	-54.405918
3251.513672	-54.160313
3256.896973	-54.038654
3262.280273	-54.323753
3267.663574	-48.239975
3273.046875	-46.870331
3278.430176	-48.177757
3283.813477	-61.626240
3289.196777	-52.250942
3294.580078	-42.941425
3299.963379	-46.029526
3305.346680	-59.665356
3310.729980	-45.987713
3316.113281	-43.766003
3321.496582	-40.196045
3326.879883	-33.018520
3332.263184	-31.870333
3337.646484	-34.696224
3343.029785	-34.428005
3348.413086	-33.709114
3353.796387	-38.813431
3359.179688	-44.227943
3364.562988	-44.637333
3369.946289	-48.082458
3375.329590	-49.519726
3380.712891	-45.676243
3386.096191	-45.907074
3391.479492	-50.003971
3396.862793	-43.130302
3402.246094	-40.981182
3407.629395	-46.239269
3413.012695	-51.277229
3418.395996	-43.198231
3423.779297	-47.091621
3429.162598	-50.244839
3434.545898	-56.022301
3439.929199	-55.503628
3445.312500	-57.686005
3450.695801	-60.257496
3456.079102	-61.244606
3461.462402	-57.128368
3466.845703	-54.954578
3472.229004	-64.201492
3477.612305	-60.877205
3482.995605	-50.807213
3488.378906	-45.370159
3493.762207	-50.946949
3499.145508	-67.248695
3504.528809	-60.833996
3509.912109	-56.219719
3515.295410	-59.739208
3520.678711	-55.095463
3526.062012	-45.225220
3531.445312	-46.420959
3536.828613	-45.103226
3542.211914	-41.381577
3547.595215	-44.289642
3552.978516	-53.515369
3558.361816	-53.366665
3563.745117	-52.521946
3569.128418	-54.367352
3574.511719	-54.643295
3579.895020	-56.294495
3585.278320	-58.050602
3590.661621	-54.504326
3596.044922	-54.568268
3601.428223	-54.787212
3606.811523	-54.374065
3612.194824	-54.981556
3617.578125	-61.541374
3622.961426	-48.613464
3628.344727	-41.680149
3633.728027	-43.114876
3639.111328	-51.179810
3644.494629	-54.682621
3649.877930	-54.858620
3655.261230	-46.252655
3660.644531	-43.078106
3666.027832	-39.249882
3671.411133	-39.753029
3676.794434	-38.111206
3682.177734	-41.054688
3687.561035	-41.980991
3692.944336	-41.992008
3698.327637	-50.068516
3703.710938	-54.206776
3709.094238	-61.130436
3714.477539	-61.199749
3719.860840	-53.338524
3725.244141	-54.305954
3730.627441	-54.882553
3736.010742	-56.199772
3741.394043	-57.328003
3746.777344	-50.486725
3752.160645	-48.810425
3757.543945	-55.999157
3762.927246	-53.504631
3768.310547	-51.943794
3773.693848	-53.335228
3779.077148	-47.563496
3784.460449	-53.995247
3789.843750	-62.906002
3795.227051	-59.339615
3800.610352	-53.892616
3805.993652	-58.698570
3811.376953	-59.203758
3816.760254	-58.950714
3822.143555	-53.005318
3827.526855	-51.949703
3832.910156	-50.753719
3838.293457	-48.802238
3843.676758	-42.454975
3849.060059	-42.507946
3854.443359	-51.285053
3859.826660	-45.045170
3865.209961	-44.893219
3870.593262	-46.272984
3875.976562	-45.839870
3881.359863	-46.534790
3886.743164	-45.598202
3892.126465	-47.446266
3897.509766	-48.016869
3902.893066	-50.740936
3908.276367	-56.565548
3913.659668	-42.356407
3919.042969	-42.604610
3924.426270	-47.367458
3929.809570	-49.511612
3935.192871	-51.440338
3940.576172	-58.917461
3945.959473	-54.476841
3951.342773	-55.393509
3956.726074	-50.544014
3962.109375	-52.834084
3967.492676	-56.480846
3972.875977	-54.973404
3978.259277	-58.833195
3983.642578	-62.043488
3989.025879	-59.655331
3994.409180	-58.510265
3999.792480	-57.310627
4005.175781	-57.180416
4010.559082	-54.058983
4015.942383	-55.399902
4021.325684	-61.612968
4026.708984	-54.657196
4032.092285	-55.279942
4037.475586	-60.787010
4042.858887	-56.378609
4048.242188	-58.623951
4053.625488	-61.480423
4059.008789	-59.988670
4064.392090	-61.047428
4069.775391	-55.365520
4075.158691	-52.921753
4080.541992	-51.667034
4085.925293	-56.685593
4091.308594	-60.762421
4096.691895	-54.610489
4102.075195	-53.291729
4107.458496	-57.409103
4112.841797	-57.965881
4118.225098	-50.023651
4123.608398	-54.878605
4128.991699	-55.607536
4134.375000	-53.661240
4139.758301	-49.843754
4145.141602	-48.208088
4150.524902	-56.246960
4155.908203	-60.508507
4161.291504	-53.908440
4166.674805	-53.760323
4172.058105	-61.270477
4177.441406	-59.360531
4182.824707	-52.922935
4188.208008	-52.196007
4193.591309	-49.576290
4198.974609	-51.807529
4204.357910	-60.582287
4209.741211	-59.919224
4215.124512	-54.878265
4220.507812	-57.289749
4225.891113	-56.411999
4231.274414	-50.258411
4236.657715	-48.668156
4242.041016	-50.057648
4247.424316	-49.971725
4252.807617	-49.022842
4258.190918	-50.158974
4263.574219	-52.128262
4268.957520	-53.890629
4274.340820	-51.943958
4279.724121	-46.435585
4285.107422	-49.458126
4290.490723	-48.567917
4295.874023	-49.195770
4301.257324	-46.466396
4306.640625	-50.757217
4312.023926	-55.757877
4317.407227	-55.097572
4322.790527	-51.245766
4328.173828	-51.857643
4333.557129	-54.112644
4338.940430	-52.934261
4344.323730	-51.779510
4349.707031	-50.395489
4355.090332	-54.878395
4360.473633	-57.321266
4365.856934	-56.502197
4371.240234	-51.437447
4376.623535	-45.278526
4382.006836	-50.385559
4387.390137	-58.181744
4392.773438	-62.370609
4398.156738	-56.886009
4403.540039	-54.287949
4408.923340	-54.159401
4414.306641	-50.187073
4419.689941	-46.658646
4425.073242	-48.829189
4430.456543	-49.084530
4435.839844	-45.799416
4441.223145	-46.033176
4446.606445	-43.291531
4451.989746	-42.311165
4457.373047	-43.978535
4462.756348	-45.629829
4468.139648	-51.624153
4473.522949	-51.954510
4478.906250	-53.489586
4484.289551	-48.533833
4489.672852	-48.642792
4495.056152	-45.501202
4500.439453	-43.414104
4505.822754	-40.493759
4511.206055	-43.730015
4516.589355	-48.383076
4521.972656	-40.242390
4527.355957	-42.729397
4532.739258	-56.403366
4538.122559	-53.476471
4543.505859	-49.384243
4548.889160	-55.810089
4554.272461	-56.466587
4559.655762	-55.019035
4565.039062	-57.906837
4570.422363	-55.718754
4575.805664	-48.797184
4581.188965	-53.130398
4586.572266	-59.029045
4591.955566	-55.437199
4597.338867	-56.862717
4602.722168	-56.533401
4608.105469	-58.765602
4613.488770	-56.945282
4618.872070	-60.844234
4624.255371	-54.655666
4629.638672	-49.974064
4635.021973	-49.187027
4640.405273	-55.594246
4645.788574	-55.367123
4651.171875	-47.478500
4656.555176	-55.555733
4661.938477	-52.831726
4667.321777	-55.674065
4672.705078	-49.628441
4678.088379	-50.214470
4683.471680	-47.557674
4688.854980	-41.611576
4694.238281	-43.557301
4699.621582	-40.262062
4705.004883	-41.466469
4710.388184	-46.851719
4715.771484	-39.923042
4721.154785	-36.305252
4726.538086	-38.317966
4731.921387	-45.484249
4737.304688	-43.121101
4742.687988	-38.417061
4748.071289	-36.142979
4753.454590	-41.541664
4758.837891	-42.675560
4764.221191	-43.110149
4769.604492	-48.880138
4774.987793	-52.969547
4780.371094	-55.526463
4785.754395	-54.325348
4791.137695	-43.451263
4796.520996	-41.135559
4801.904297	-48.260010
4807.287598	-56.666668
4812.670898	-50.378456
4818.054199	-47.826744
4823.437500	-46.236340
4828.820801	-44.967968
4834.204102	-44.772392
4839.587402	-49.374729
4844.970703	-51.001202
4850.354004	-44.253887
4855.737305	-44.685036
4861.120605	-47.676102
4866.503906	-50.913883
4871.887207	-47.826698
4877.270508	-50.272713
4882.653809	-51.033077
4888.037109	-50.679977
4893.420410	-52.343281
4898.803711	-57.843597
4904.187012	-53.711071
4909.570312	-55.773335
4914.953613	-54.084919
4920.336914	-59.605488
4925.720215	-50.851032
4931.103516	-42.818703
4936.486816	-37.759315
4941.870117	-43.666973
4947.253418	-43.442261
4952.636719	-41.636177
4958.020020	-44.553234
4963.403320	-49.731522
4968.786621	-50.352451
4974.169922	-54.081123
4979.553223	-51.284340
4984.936523	-45.944324
4990.319824	-46.823521
4995.703125	-48.873215
5001.086426	-54.995564
5006.469727	-49.482246
5011.853027	-43.826138
5017.236328	-47.024506
5022.619629	-61.347839
5028.002930	-53.296074
5033.386230	-48.847466
5038.769531	-49.438190
5044.152832	-55.174465
5049.536133	-47.637505
5054.919434	-42.799469
5060.302734	-44.273232
5065.686035	-51.890274
5071.069336	-51.328564
5076.452637	-55.538544
5081.835938	-52.263615
5087.219238	-49.173439
5092.602539	-44.722515
5097.985840	-46.946613
5103.369141	-46.886311
5108.752441	-44.754261
5114.135742	-42.884663
5119.519043	-41.490543
5124.902344	-48.102123
5130.285645	-51.920979
5135.668945	-53.929432
5141.052246	-51.346550
5146.435547	-44.699028
5151.818848	-46.336151
5157.202148	-47.000721
5162.585449	-38.523365
5167.968750	-35.804688
5173.352051	-37.410439
5178.735352	-40.920795
5184.118652	-41.032055
5189.501953	-45.429195
5194.885254	-48.057663
5200.268555	-48.873146
5205.651855	-54.840050
5211.035156	-51.391247
5216.418457	-55.286217
5221.801758	-51.958214
5227.185059	-47.695122
5232.568359	-50.034237
5237.951660	-47.475208
5243.334961	-48.874146
5248.718262	-55.867905
5254.101562	-52.649151
5259.484863	-55.365826
5264.868164	-53.352619
5270.251465	-48.009716
5275.634766	-50.604412
5281.018066	-50.245304
5286.401367	-53.012291
5291.784668	-55.573818
5297.167969	-52.341251
5302.551270	-53.288521
5307.934570	-53.496765
5313.317871	-54.799492
5318.701172	-52.293663
5324.084473	-55.451248
5329.467773	-59.859863
5334.851074	-62.699131
5340.234375	-57.164486
5345.617676	-56.828907
5351.000977	-60.268223
5356.384277	-67.138351
5361.767578	-65.868256
5367.150879	-54.539986
5372.534180	-45.950073
5377.917480	-44.911560
5383.300781	-50.718128
5388.684082	-43.198723
5394.067383	-39.433914
5399.450684	-43.537281
5404.833984	-45.664516
5410.217285	-42.382034
5415.600586	-46.139946
5420.983887	-51.280067
5426.367188	-53.282639
5431.750488	-52.794437
5437.133789	-49.974895
5442.517090	-44.170746
5447.900391	-49.557018
5453.283691	-63.363853
5458.666992	-56.590836
5464.050293	-50.938950
5469.433594	-52.957512
5474.816895	-54.351746
5480.200195	-52.198666
5485.583496	-52.254093
5490.966797	-61.212589
5496.350098	-51.798046
5501.733398	-59.071976
5507.116699	-49.947613
5512.500000	-53.469921
5517.883301	-57.437450
5523.266602	-55.060516
5528.649902	-58.157951
5534.033203	-54.499706
5539.416504	-55.089001
5544.799805	-51.562271
5550.183105	-55.497444
5555.566406	-50.556484
5560.949707	-50.353073
5566.333008	-39.643646
5571.716309	-44.919647
5577.099609	-39.181847
5582.482910	-36.921604
5587.866211	-30.095095
5593.249512	-32.084641
5598.632812	-38.945286
5604.016113	-34.573540
5609.399414	-41.133129
5614.782715	-44.051910
5620.166016	-46.174580
5625.549316	-43.162426
5630.932617	-45.714581
5636.315918	-57.773045
5641.699219	-52.306023
5647.082520	-55.261116
5652.465820	-58.026253
5657.849121	-55.190113
5663.232422	-56.344910
5668.615723	-55.863403
5673.999023	-50.857994
5679.382324	-47.611729
5684.765625	-50.900616
5690.148926	-43.356266
5695.532227	-43.469116
5700.915527	-52.040245
5706.298828	-52.217968
5711.682129	-54.644203
5717.065430	-59.831383
5722.448730	-53.408710
5727.832031	-52.844799
5733.215332	-52.585617
5738.598633	-55.642426
5743.981934	-51.113449
5749.365234	-49.834389
5754.748535	-55.616886
5760.131836	-49.710033
5765.515137	-50.467911
5770.898438	-49.266064
5776.281738	-42.446465
5781.665039	-43.823223
5787.048340	-46.398533
5792.431641	-46.958847
5797.814941	-56.731846
5803.198242	-55.580921
5808.581543	-48.030998
5813.964844	-48.374893
5819.348145	-45.032520
5824.731445	-46.507500
5830.114746	-47.898388
5835.498047	-44.837830
5840.881348	-40.619381
5846.264648	-42.852158
5851.647949	-47.377846
5857.031250	-49.860027
5862.414551	-47.520016
5867.797852	-47.946243
5873.181152	-44.624592
5878.564453	-46.261227
5883.947754	-49.213974
5889.331055	-48.141525
5894.714355	-45.837227
5900.097656	-49.039341
5905.480957	-45.688389
5910.864258	-43.949482
5916.247559	-42.684540
5921.630859	-44.118553
5927.014160	-45.782528
5932.397461	-48.579590
5937.780762	-44.210503
5943.164062	-45.868538
5948.547363	-45.434036
5953.930664	-47.867741
5959.313965	-48.173473
5964.697266	-49.682308
5970.080566	-54.433239
5975.463867	-51.022533
5980.847168	-43.258533
5986.230469	-39.902046
5991.613770	-44.275028
5996.997070	-47.592247
6002.380371	-49.957668
6007.763672	-54.849102
6013.146973	-47.319248
6018.530273	-41.780636
6023.913574	-43.024296
6029.296875	-52.348362
6034.680176	-51.466766
6040.063477	-48.262081
6045.446777	-51.636806
6050.830078	-47.586903
6056.213379	-57.464798
6061.596680	-55.093880
6066.979980	-47.080723
6072.363281	-46.976131
6077.746582	-45.765907
6083.129883	-40.113991
6088.513184	-41.132256
6093.896484	-32.113487
6099.279785	-35.164532
6104.663086	-40.628300
6110.046387	-43.592907
6115.429688	-46.574680
6120.812988	-48.474670
6126.196289	-54.118137
6131.579590	-59.801182
6136.962891	-60.498550
6142.346191	-57.319698
6147.729492	-55.585690
6153.112793	-56.111950
6158.496094	-49.501667
6163.879395	-44.926762
6169.262695	-48.210541
6174.645996	-53.560196
6180.029297	-55.986359
6185.412598	-51.189510
6190.795898	-56.128658
6196.179199	-52.176975
6201.562500	-56.539204
6206.945801	-52.562447
6212.329102	-43.342640
6217.712402	-45.455521
6223.095703	-54.442524
6228.479004	-49.125935
6233.862305	-41.564911
6239.245605	-42.269760
6244.628906	-44.401188
6250.012207	-50.900192
6255.395508	-47.199524
6260.778809	-52.130566
6266.162109	-43.808537
6271.545410	-47.167740
6276.928711	-43.196896
6282.312012	-41.409767
6287.695312	-44.569412
6293.078613	-47.530396
6298.461914	-47.900448
6303.845215	-48.606144
6309.228516	-45.694065
6314.611816	-45.611515
6319.995117	-56.839622
6325.378418	-48.894363
6330.761719	-50.711731
6336.145020	-51.571461
6341.528320	-52.094818
6346.911621	-59.368500
6352.294922	-59.648872
6357.678223	-51.398113
6363.061523	-47.132996
6368.444824	-46.584293
6373.828125	-47.082623
6379.211426	-55.744270
6384.594727	-47.918465
6389.978027	-52.281734
6395.361328	-53.226902
6400.744629	-53.193989
6406.127930	-55.456619
6411.511230	-59.676895
6416.894531	-44.540791
6422.277832	-38.491928
6427.661133	-43.395252
6433.044434	-43.814209
6438.427734	-46.056339
6443.811035	-53.452610
6449.194336	-56.684147
6454.577637	-56.500591
6459.960938	-60.755760
6465.344238	-55.732464
6470.727539	-54.809395
6476.110840	-53.114616
6481.494141	-48.524853
6486.877441	-51.527779
6492.260742	-51.631863
6497.644043	-51.603065
6503.027344	-49.076374
6508.410645	-50.319973
6513.793945	-43.666157
6519.177246	-40.665405
6524.560547	-37.760273
6529.943848	-36.997208
6535.327148	-37.761993
6540.710449	-40.310562
6546.093750	-48.959255
6551.477051	-54.314102
6556.860352	-51.868793
6562.243652	-49.160343
6567.626953	-44.900379
6573.010254	-43.577221
6578.393555	-50.943390
6583.776855	-48.587898
6589.160156	-54.895260
6594.543457	-52.195427
6599.926758	-54.283367
6605.310059	-54.353832
6610.693359	-55.682823
6616.076660	-54.099903
6621.459961	-54.484802
6626.843262	-49.734837
6632.226562	-50.945232
6637.609863	-56.943703
6642.993164	-53.503891
6648.376465	-49.907841
6653.759766	-48.933186
6659.143066	-53.192348
6664.526367	-48.755489
6669.909668	-47.665031
6675.292969	-54.192741
6680.676270	-51.337933
6686.059570	-45.904369
6691.442871	-47.795383
6696.826172	-47.610844
6702.209473	-43.904541
6707.592773	-46.326477
6712.976074	-46.061676
6718.359375	-46.295097
6723.742676	-41.652870
6729.125977	-40.947563
6734.509277	-50.278564
6739.892578	-45.733139
6745.275879	-50.998367
6750.659180	-46.125370
6756.042480	-38.523861
6761.425781	-34.575096
6766.809082	-40.050095
6772.192383	-52.921818
6777.575684	-48.650337
6782.958984	-50.991604
6788.342285	-51.726269
6793.725586	-55.021275
6799.108887	-50.124924
6804.492188	-46.693794
6809.875488	-53.328285
6815.258789	-58.348629
6820.642090	-52.647717
6826.025391	-49.461414
6831.408691	-52.329750
6836.791992	-45.024960
6842.175293	-43.971813
6847.558594	-47.372486
6852.941895	-46.991039
6858.325195	-44.566864
6863.708496	-44.063324
6869.091797	-46.659824
6874.475098	-45.387066
6879.858398	-48.373310
6885.241699	-57.549129
6890.625000	-49.862820
6896.008301	-48.254795
6901.391602	-50.334843
6906.774902	-59.871387
6912.158203	-58.439426
6917.541504	-60.535583
6922.924805	-55.646935
6928.308105	-52.313553
6933.691406	-64.801628
6939.074707	-57.779583
6944.458008	-57.387714
6949.841309	-53.398056
6955.224609	-53.276314
6960.607910	-57.361977
6965.991211	-52.464958
6971.374512	-53.348400
6976.757812	-52.448696
6982.141113	-53.335846
6987.524414	-63.493427
6992.907715	-57.502506
6998.291016	-53.390137
7003.674316	-65.215614
7009.057617	-55.933163
7014.440918	-53.739643
7019.824219	-53.100521
7025.207520	-56.164646
7030.590820	-53.363884
7035.974121	-59.472935
7041.357422	-57.759739
7046.740723	-52.149746
7052.124023	-44.600815
7057.507324	-49.701046
7062.890625	-54.338692
7068.273926	-58.833824
7073.657227	-57.515915
7079.040527	-51.898788
7084.423828	-56.018852
7089.807129	-60.220608
7095.190430	-64.275513
7100.573730	-69.922386
7105.957031	-69.154266
7111.340332	-58.802139
7116.723633	-51.701668
7122.106934	-58.237957
7127.490234	-55.423386
7132.873535	-53.352081
7138.256836	-52.790592
7143.640137	-49.543221
7149.023438	-49.212509
7154.406738	-60.836891
7159.790039	-54.644028
7165.173340	-46.366272
7170.556641	-44.717049
7175.939941	-50.988411
7181.323242	-54.136219
7186.706543	-56.860737
7192.089844	-56.550041
7197.473145	-62.703579
7202.856445	-61.516712
7208.239746	-56.640053
7213.623047	-58.712029
7219.006348	-60.179256
7224.389648	-58.653511
7229.772949	-57.509499
7235.156250	-54.343742
7240.539551	-57.905399
7245.922852	-60.871693
7251.306152	-60.342472
7256.689453	-58.693352
7262.072754	-59.043823
7267.456055	-59.909180
7272.839355	-58.811646
7278.222656	-56.853588
7283.605957	-57.973904
7288.989258	-51.123024
7294.372559	-48.863247
7299.755859	-53.174072
7305.139160	-56.969044
7310.522461	-56.578121
7315.905762	-55.665066
7321.289062	-57.366074
7326.672363	-55.519543
7332.055664	-51.276852
7337.438965	-52.590881
7342.822266	-53.003662
7348.205566	-55.906219
7353.588867	-57.279240
7358.972168	-57.379166
7364.355469	-57.454094
7369.738770	-56.047249
7375.122070	-60.373726
7380.505371	-59.875568
7385.888672	-62.403755
7391.271973	-61.308544
7396.655273	-61.719105
7402.038574	-60.824238
7407.421875	-61.121746
7412.805176	-64.071526
7418.188477	-58.928722
7423.571777	-54.663326
7428.955078	-50.035248
7434.338379	-44.262863
7439.721680	-47.467072
7445.104980	-46.975872
7450.488281	-47.777962
7455.871582	-52.523056
7461.254883	-53.681026
7466.638184	-51.739368
7472.021484	-52.693665
7477.404785	-50.535084
7482.788086	-46.388496
7488.171387	-50.721321
7493.554688	-58.504951
7498.937988	-60.250546
7504.321289	-57.376015
7509.704590	-59.506836
7515.087891	-62.627895
7520.471191	-56.262375
7525.854492	-60.091080
7531.237793	-51.189049
7536.621094	-51.262138
7542.004395	-56.432747
7547.387695	-53.403473
7552.770996	-54.534584
7558.154297	-48.463200
7563.537598	-50.665989
7568.920898	-55.066570
7574.304199	-50.358208
7579.687500	-52.348576
7585.070801	-58.360992
7590.454102	-56.986259
7595.837402	-56.032642
7601.220703	-60.951530
7606.604004	-61.906506
7611.987305	-64.234848
7617.370605	-57.383293
7622.753906	-62.795101
7628.137207	-60.810436
7633.520508	-59.065960
7638.903809	-53.555992
7644.287109	-49.229877
7649.670410	-50.947411
7655.053711	-59.845264
7660.437012	-61.396214
7665.820312	-63.442749
7671.203613	-58.203281
7676.586914	-59.135273
7681.970215	-51.239136
7687.353516	-53.059513
7692.736816	-63.802586
7698.120117	-57.977470
7703.503418	-50.776611
7708.886719	-53.382362
7714.270020	-55.413353
7719.653320	-51.024746
7725.036621	-47.010735
7730.419922	-48.181648
7735.803223	-52.946358
7741.186523	-53.181995
7746.569824	-48.194256
7751.953125	-52.802052
7757.336426	-45.782093
7762.719727	-45.151237
7768.103027	-53.740364
7773.486328	-48.140652
7778.869629	-49.724792
7784.252930	-58.335903
7789.636230	-53.088856
7795.019531	-54.352333
7800.402832	-57.009010
7805.786133	-59.872940
7811.169434	-57.034870
7816.552734	-50.348774
7821.936035	-47.786442
7827.319336	-53.433449
7832.702637	-60.157150
7838.085938	-59.856529
7843.469238	-59.040684
7848.852539	-56.096134
7854.235840	-57.277641
7859.619141	-59.184227
7865.002441	-58.012932
7870.385742	-57.820541
7875.769043	-59.784492
7881.152344	-59.441143
7886.535645	-60.085896
7891.918945	-67.696068
7897.302246	-66.250343
7902.685547	-73.416779
7908.068848	-59.978783
7913.452148	-55.431343
7918.835449	-67.254135
7924.218750	-56.900970
7929.602051	-55.441490
7934.985352	-52.982559
7940.368652	-47.868656
7945.751953	-41.925468
7951.135254	-42.416615
7956.518555	-43.385395
7961.901855	-48.334766
7967.285156	-47.437439
7972.668457	-47.122475
7978.051758	-50.589828
7983.435059	-55.138374
7988.818359	-55.912022
7994.201660	-58.453640
7999.584961	-57.846397
8004.968262	-69.485611
8010.351562	-55.216831
8015.734863	-56.443970
8021.118164	-58.291573
8026.501465	-65.896637
8031.884766	-60.228973
8037.268066	-63.660469
8042.651367	-62.326958
8048.034668	-56.007568
8053.417969	-53.053661
8058.801270	-58.277901
8064.184570	-62.878395
8069.567871	-59.497742
8074.951172	-55.642189
8080.334473	-60.616638
8085.717773	-67.189552
8091.101074	-65.084160
8096.484375	-54.433674
8101.867676	-48.638840
8107.250977	-52.291039
8112.634277	-53.959980
8118.017578	-54.962883
8123.400879	-57.883686
8128.784180	-52.933926
8134.167480	-53.676308
8139.550781	-54.854866
8144.934082	-63.277912
8150.317383	-60.800335
8155.700684	-56.698387
8161.083984	-55.571953
8166.467285	-54.702171
8171.850586	-62.262867
8177.233887	-56.416718
8182.617188	-63.277943
8188.000488	-72.164948
8193.383789	-64.666023
8198.767090	-56.452892
8204.150391	-58.976170
8209.533691	-60.759888
8214.916992	-51.032795
8220.300293	-49.237549
8225.683594	-45.945362
8231.066895	-47.020279
8236.450195	-53.818714
8241.833496	-60.021938
8247.216797	-58.268124
8252.600098	-54.760853
8257.983398	-52.067089
8263.366699	-52.542912
8268.750000	-63.169395
8274.133301	-57.376148
8279.516602	-59.409763
8284.899902	-58.324261
8290.283203	-59.204395
8295.666504	-53.817226
8301.049805	-54.917576
8306.433105	-54.306190
8311.816406	-58.673233
8317.199707	-60.917667
8322.583008	-59.455975
8327.966309	-54.723366
8333.349609	-52.392410
8338.732910	-44.575603
8344.116211	-42.932304
8349.499512	-48.979832
8354.882812	-47.001266
8360.266113	-47.326256
8365.649414	-58.039886
8371.032715	-55.486160
8376.416016	-57.038193
8381.799316	-64.277458
8387.182617	-57.844704
8392.565918	-53.365704
8397.949219	-67.731438
8403.332520	-59.981136
8408.715820	-58.875519
8414.099121	-63.663380
8419.482422	-63.041363
8424.865723	-56.767475
8430.249023	-63.151794
8435.632324	-68.740326
8441.015625	-66.880524
8446.398926	-60.875778
8451.782227	-56.588333
8457.165527	-68.556313
8462.548828	-59.001621
8467.932129	-61.454384
8473.315430	-65.455261
8478.698730	-67.060577
8484.082031	-60.906906
8489.465332	-56.733192
8494.848633	-59.568737
8500.231934	-65.554733
8505.615234	-62.933735
8510.998535	-66.789124
8516.381836	-61.546860
8521.765137	-52.714314
8527.148438	-53.864628
8532.531738	-55.604763
8537.915039	-59.440334
8543.298340	-58.213665
8548.681641	-51.517204
8554.064941	-53.185680
8559.448242	-55.000607
8564.831543	-61.031166
8570.214844	-55.274944
8575.598145	-56.375759
8580.981445	-56.288418
8586.364746	-52.771137
8591.748047	-66.910721
8597.131348	-54.877602
8602.514648	-56.220066
8607.897949	-61.156555
8613.281250	-60.853771
8618.664551	-72.598122
8624.047852	-57.188820
8629.431152	-55.176834
8634.814453	-58.914051
8640.197754	-62.841076
8645.581055	-56.962704
8650.964355	-58.196579
8656.347656	-62.216808
8661.730957	-59.269783
8667.114258	-55.928822
8672.497559	-57.571861
8677.880859	-49.496357
8683.264160	-53.665192
8688.647461	-56.130211
8694.030762	-66.338104
8699.414062	-59.836739
8704.797363	-60.762856
8710.180664	-57.944447
8715.563965	-54.839966
8720.947266	-54.544910
8726.330566	-54.746937
8731.713867	-50.730370
8737.097168	-47.306625
8742.480469	-47.056683
8747.863770	-52.510544
8753.247070	-57.494324
8758.630371	-50.448444
8764.013672	-48.208538
8769.396973	-56.133801
8774.780273	-50.487705
8780.163574	-59.105495
8785.546875	-59.182972
8790.930176	-58.895184
8796.313477	-58.346783
8801.696777	-57.800331
8807.080078	-54.367725
8812.463379	-60.310860
8817.846680	-56.964108
8823.229980	-70.940788
8828.613281	-64.363068
8833.996582	-64.080070
8839.379883	-64.214020
8844.763184	-65.472122
8850.146484	-66.780258
8855.529785	-62.958107
8860.913086	-56.423073
8866.296387	-57.678478
8871.679688	-59.275322
8877.062988	-63.241600
8882.446289	-53.061569
8887.829590	-46.989647
8893.212891	-42.617882
8898.596191	-47.007565
8903.979492	-54.171146
8909.362793	-53.287411
8914.746094	-57.147247
8920.129395	-55.709511
8925.512695	-52.096767
8930.895996	-53.433971
8936.279297	-58.276905
8941.662598	-57.098660
8947.045898	-60.612968
8952.429199	-64.404137
8957.812500	-61.579731
8963.195801	-56.886211
8968.579102	-64.091476
8973.962402	-60.906090
8979.345703	-67.802650
8984.729004	-73.211906
8990.112305	-70.747345
8995.495605	-72.120232
9000.878906	-72.135658
9006.262207	-62.224998
9011.645508	-64.375687
9017.028809	-61.310493
9022.412109	-64.202248
9027.795410	-58.075027
9033.178711	-60.810371
9038.562012	-60.028908
9043.945312	-62.220451
9049.328613	-64.906548
9054.711914	-66.557701
9060.095215	-60.153728
9065.478516	-65.674492
9070.861816	-54.882538
9076.245117	-51.543720
9081.628418	-52.819221
9087.011719	-51.401634
9092.395020	-52.248283
9097.778320	-49.539963
9103.161621	-48.459080
9108.544922	-50.349869
9113.928223	-50.750118
9119.311523	-52.605007
9124.694824	-46.322021
9130.078125	-44.454082
9135.461426	-41.322910
9140.844727	-44.335049
9146.228027	-59.988506
9151.611328	-51.424286
9156.994629	-54.270767
9162.377930	-55.349922
9167.761230	-53.327656
9173.144531	-57.113831
9178.527832	-57.012100
9183.911133	-61.188534
9189.294434	-65.199364
9194.677734	-56.419495
9200.061035	-61.792168
9205.444336	-59.096046
9210.827637	-60.021133
9216.210938	-53.247303
9221.594238	-53.737831
9226.977539	-52.292313
9232.360840	-49.142483
9237.744141	-43.129948
9243.127441	-45.025654
9248.510742	-52.134041
9253.894043	-52.888309
9259.277344	-56.478638
9264.660645	-59.701122
9270.043945	-56.389114
9275.427246	-58.360779
9280.810547	-61.195450
9286.193848	-63.629539
9291.577148	-65.735954
9296.960449	-60.504501
9302.343750	-62.206768
9307.727051	-72.782593
9313.110352	-68.436081
9318.493652	-59.317070
9323.876953	-60.829834
9329.260254	-62.077408
9334.643555	-60.045670
9340.026855	-58.995625
9345.410156	-58.340591
9350.793457	-52.646759
9356.176758	-59.716038
9361.560059	-62.236069
9366.943359	-61.512161
9372.326660	-61.225212
9377.709961	-60.227337
9383.093262	-62.856819
9388.476562	-62.070908
9393.859863	-54.396381
9399.243164	-49.692604
9404.626465	-48.373077
9410.009766	-48.413433
9415.393066	-54.027000
9420.776367	-56.010952
9426.159668	-46.828205
9431.542969	-44.007809
9436.926270	-52.576847
9442.309570	-51.080975
9447.692871	-54.893749
9453.076172	-59.809494
9458.459473	-61.009663
9463.842773	-56.421822
9469.226074	-52.043766
9474.609375	-55.895260
9479.992676	-57.373680
9485.375977	-59.532436
9490.759277	-57.983131
9496.142578	-61.053360
9501.525879	-64.790291
9506.909180	-68.958397
9512.292480	-59.501629
9517.675781	-57.675678
9523.059082	-60.999752
9528.442383	-59.098583
9533.825684	-60.077724
9539.208984	-53.160137
9544.592285	-51.288258
9549.975586	-54.344437
9555.358887	-60.217197
9560.742188	-57.011215
9566.125488	-57.329464
9571.508789	-60.765434
9576.892090	-65.006592
9582.275391	-59.557583
9587.658691	-60.893520
9593.041992	-65.212402
9598.425293	-59.871490
9603.808594	-63.077972
9609.191895	-74.195587
9614.575195	-67.841850
9619.958496	-69.223366
9625.341797	-58.047150
9630.725098	-55.240856
9636.108398	-55.543125
9641.491699	-64.441566
9646.875000	-53.653652
9652.258301	-54.440285
9657.641602	-58.887741
9663.024902	-65.055923
9668.408203	-64.916016
9673.791504	-69.647011
9679.174805	-72.979141
9684.558105	-73.207146
9689.941406	-67.747612
9695.324707	-68.177086
9700.708008	-70.069153
9706.091309	-73.587357
9711.474609	-68.283798
9716.857910	-70.013252
9722.241211	-62.931038
9727.624512	-57.251629
9733.007812	-60.535877
9738.391113	-80.120689
9743.774414	-72.171631
9749.157715	-65.151207
9754.541016	-67.062157
9759.924316	-64.719475
9765.307617	-63.085739
9770.690918	-60.335472
9776.074219	-60.132652
9781.457520	-65.238182
9786.840820	-67.665848
9792.224121	-70.369286
9797.607422	-73.018112
9802.990723	-72.858246
9808.374023	-69.740532
9813.757324	-71.460953
9819.140625	-65.815498
9824.523926	-55.787304
9829.907227	-58.429234
9835.290527	-68.230309
9840.673828	-60.670567
9846.057129	-74.462128
9851.440430	-60.572647
9856.823730	-63.167946
9862.207031	-59.550865
9867.590332	-62.465385
9872.973633	-70.953079
9878.356934	-68.451729
9883.740234	-63.083664
9889.123535	-66.339981
9894.506836	-66.885574
9899.890137	-64.047310
9905.273438	-61.345627
9910.656738	-57.316658
9916.040039	-54.412098
9921.423340	-58.917515
9926.806641	-66.188873
9932.189941	-64.410194
9937.573242	-60.372265
9942.956543	-61.756210
9948.339844	-59.346760
9953.723145	-60.130447
9959.106445	-56.293674
9964.489746	-51.919144
9969.873047	-57.580013
9975.256348	-61.809574
9980.639648	-61.535126
9986.022949	-62.349998
9991.406250	-64.124908
9996.789551	-67.881638
10002.172852	-59.665775
10007.556152	-55.432594
10012.939453	-54.128704
10018.322754	-50.916985
10023.706055	-55.179531
10029.089355	-52.374565
10034.472656	-57.298885
10039.855957	-61.400219
10045.239258	-55.353252
10050.622559	-53.676666
10056.005859	-58.722965
10061.389160	-61.081409
10066.772461	-57.304756
10072.155762	-57.045597
10077.539062	-55.140137
10082.922363	-60.387974
10088.305664	-65.360054
10093.688965	-61.375900
10099.072266	-67.566216
10104.455566	-65.743568
10109.838867	-68.695122
10115.222168	-60.761600
10120.605469	-62.350250
10125.988770	-62.440434
10131.372070	-66.613480
10136.755371	-64.724747
10142.138672	-69.030663
10147.521973	-61.568134
10152.905273	-64.598068
10158.288574	-64.797470
10163.671875	-60.907833
10169.055176	-60.957352
10174.438477	-62.022598
10179.821777	-61.745449
10185.205078	-62.124271
10190.588379	-64.750008
10195.971680	-57.804607
10201.354980	-64.009644
10206.738281	-65.700905
10212.121582	-61.714626
10217.504883	-68.016174
10222.888184	-71.648018
10228.271484	-71.795265
10233.654785	-69.292732
10239.038086	-73.564514
10244.421387	-73.433189
10249.804688	-71.275650
10255.187988	-75.505371
10260.571289	-63.688808
10265.954590	-72.174835
10271.337891	-69.700844
10276.721191	-71.944885
10282.104492	-72.461395
10287.487793	-70.608925
10292.871094	-74.795235
10298.254395	-66.335030
10303.637695	-67.173058
10309.020996	-67.152901
10314.404297	-62.144432
10319.787598	-58.869774
10325.170898	-63.321732
10330.554199	-55.738583
10335.937500	-56.776264
10341.320801	-66.168983
10346.704102	-60.924393
10352.087402	-62.447159
10357.470703	-68.184639
10362.854004	-62.383358
10368.237305	-67.059952
10373.620605	-62.404678
10379.003906	-59.575474
10384.387207	-65.621590
10389.770508	-63.621010
10395.153809	-57.533787
10400.537109	-56.030018
10405.920410	-56.489628
10411.303711	-58.482033
10416.687012	-58.515907
10422.070312	-59.529655
10427.453613	-60.891094
10432.836914	-55.093117
10438.220215	-53.580700
10443.603516	-58.140556
10448.986816	-67.724884
10454.370117	-54.494217
10459.753418	-52.012524
10465.136719	-56.729855
10470.520020	-60.459225
10475.903320	-62.254593
10481.286621	-59.314617
10486.669922	-69.819519
10492.053223	-67.346497
10497.436523	-71.296631
10502.819824	-68.468750
10508.203125	-67.599915
10513.586426	-57.225590
10518.969727	-55.799122
10524.353027	-60.226582
10529.736328	-58.730637
10535.119629	-56.732109
10540.502930	-60.376812
10545.886230	-49.725899
10551.269531	-55.442272
10556.652832	-57.699104
10562.036133	-56.110390
10567.419434	-59.511116
10572.802734	-62.934124
10578.186035	-64.519241
10583.569336	-72.343651
10588.952637	-72.706070
10594.335938	-70.072639
10599.719238	-67.650780
10605.102539	-71.002769
10610.485840	-65.995094
10615.869141	-66.552155
10621.252441	-65.728271
10626.635742	-66.615776
10632.019043	-72.301880
10637.402344	-67.487358
10642.785645	-62.369904
10648.168945	-64.372223
10653.552246	-68.732513
10658.935547	-63.772640
10664.318848	-58.116299
10669.702148	-66.278336
10675.085449	-63.840816
10680.468750	-63.172558
10685.852051	-64.631104
10691.235352	-64.391983
10696.618652	-63.468754
10702.001953	-65.366722
10707.385254	-68.254257
10712.768555	-60.445858
10718.151855	-65.278282
10723.535156	-71.359093
10728.918457	-67.417076
10734.301758	-70.915085
10739.685059	-59.967342
10745.068359	-66.173401
10750.451660	-59.005650
10755.834961	-58.155422
10761.218262	-58.769539
10766.601562	-63.673790
10771.984863	-58.394039
10777.368164	-64.126503
10782.751465	-58.684776
10788.134766	-55.458122
10793.518066	-62.444878
10798.901367	-60.417889
10804.284668	-54.496365
10809.667969	-53.154926
10815.051270	-63.902843
10820.434570	-62.685642
10825.817871	-56.267006
10831.201172	-63.933739
10836.584473	-63.641605
10841.967773	-62.172653
10847.351074	-58.665222
10852.734375	-60.959515
10858.117676	-55.414700
10863.500977	-55.236076
10868.884277	-62.345955
10874.267578	-62.209694
10879.650879	-66.303314
10885.034180	-66.226730
10890.417480	-62.616199
10895.800781	-69.216187
10901.184082	-62.455093
10906.567383	-62.678345
10911.950684	-57.236870
10917.333984	-54.910183
10922.717285	-56.209820
10928.100586	-51.851395
10933.483887	-54.307507
10938.867188	-56.602390
10944.250488	-55.616108
10949.633789	-58.141914
10955.017090	-57.282089
10960.400391	-61.768040
10965.783691	-67.282372
10971.166992	-58.247116
10976.550293	-56.620541
10981.933594	-59.780838
10987.316895	-54.352383
10992.700195	-61.207504
10998.083496	-61.862965
11003.466797	-62.116661
11008.850098	-62.181339
11014.233398	-64.885368
11019.616699	-58.050621
11025.000000	-59.978649
11030.383301	-68.155441
11035.766602	-61.283871
11041.149902	-64.266037
11046.533203	-66.027740
11051.916504	-62.507599
11057.299805	-60.091915
11062.683105	-64.670738
11068.066406	-61.255501
11073.449707	-57.064377
11078.833008	-58.653931
11084.216309	-66.405670
11089.599609	-71.764442
11094.982910	-59.138103
11100.366211	-56.904743
11105.749512	-62.120586
11111.132812	-72.212418
11116.516113	-69.787674
11121.899414	-64.920959
11127.282715	-63.782490
11132.666016	-70.290985
11138.049316	-66.746605
11143.432617	-63.989239
11148.815918	-65.777092
11154.199219	-65.851364
11159.582520	-71.733162
11164.965820	-76.771469
11170.349121	-73.820129
11175.732422	-73.810562
11181.115723	-74.166420
11186.499023	-73.354675
11191.882324	-74.550140
11197.265625	-66.794785
11202.648926	-65.842743
11208.032227	-70.576714
11213.415527	-68.732857
11218.798828	-67.350479
11224.182129	-71.864372
11229.565430	-65.310242
11234.948730	-63.611065
11240.332031	-58.271370
11245.715332	-59.506283
11251.098633	-61.913773
11256.481934	-58.962494
11261.865234	-59.772232
11267.248535	-65.020782
11272.631836	-63.048454
11278.015137	-69.200638
11283.398438	-70.944031
11288.781738	-61.007103
11294.165039	-58.818501
11299.548340	-55.460110
11304.931641	-58.442368
11310.314941	-70.176979
11315.698242	-67.412674
11321.081543	-69.828537
11326.464844	-71.694023
11331.848145	-71.367928
11337.231445	-69.119759
11342.614746	-72.065857
11347.998047	-64.834373
11353.381348	-65.078194
11358.764648	-65.210388
11364.147949	-66.376396
11369.531250	-69.770714
11374.914551	-70.763367
11380.297852	-75.489044
11385.681152	-69.082405
11391.064453	-66.075081
11396.447754	-67.239784
11401.831055	-67.162239
11407.214355	-63.479191
11412.597656	-70.182793
11417.980957	-71.312363
11423.364258	-78.329002
11428.747559	-66.374451
11434.130859	-60.802181
11439.514160	-63.528126
11444.897461	-64.776451
11450.280762	-64.058205
11455.664062	-71.043678
11461.047363	-68.515236
11466.430664	-71.367073
11471.813965	-76.175018
11477.197266	-74.640785
11482.580566	-74.142204
11487.963867	-68.073189
11493.347168	-67.267334
11498.730469	-65.270432
11504.113770	-68.141891
11509.497070	-65.793365
11514.880371	-68.704330
11520.263672	-73.290451
11525.646973	-83.806160
11531.030273	-79.387726
11536.413574	-79.828484
11541.796875	-74.727577
11547.180176	-70.850174
11552.563477	-79.354958
11557.946777	-70.196594
11563.330078	-67.352516
11568.713379	-71.840714
11574.096680	-71.037521
11579.479980	-67.979523
11584.863281	-69.176163
11590.246582	-73.700691
11595.629883	-75.717140
11601.013184	-72.270218
11606.396484	-72.190704
11611.779785	-67.447388
11617.163086	-66.478691
11622.546387	-61.475227
11627.929688	-61.392071
11633.312988	-68.004745
11638.696289	-71.339058
11644.079590	-65.113564
11649.462891	-65.639175
11654.846191	-66.123260
11660.229492	-68.175850
11665.612793	-67.551003
11670.996094	-59.866199
11676.379395	-62.307411
11681.762695	-61.745064
11687.145996	-62.689461
11692.529297	-57.532528
11697.912598	-57.763222
11703.295898	-66.793930
11708.679199	-67.046875
11714.062500	-69.713959
11719.445801	-65.451172
11724.829102	-67.563866
11730.212402	-71.069122
11735.595703	-64.313721
11740.979004	-59.500248
11746.362305	-64.352852
11751.745605	-69.474724
11757.128906	-70.908951
11762.512207	-67.587860
11767.895508	-67.403801
11773.278809	-70.571838
11778.662109	-71.294754
11784.045410	-74.032906
11789.428711	-83.495010
11794.812012	-79.781326
11800.195312	-76.618858
11805.578613	-73.897751
11810.961914	-73.701805
11816.345215	-74.392853
11821.728516	-74.143608
11827.111816	-72.696587
11832.495117	-78.526482
11837.878418	-72.851723
11843.261719	-67.453087
11848.645020	-68.027672
11854.028320	-66.159592
11859.411621	-64.967682
11864.794922	-69.413162
11870.178223	-70.828476
11875.561523	-65.795692
11880.944824	-68.904839
11886.328125	-76.294746
11891.711426	-73.567863
11897.094727	-72.640434
11902.478027	-79.549858
11907.861328	-73.540146
11913.244629	-79.085724
11918.627930	-73.297386
11924.011230	-72.751060
11929.394531	-68.850456
11934.777832	-74.498039
11940.161133	-77.279488
11945.544434	-73.149803
11950.927734	-73.696236
11956.311035	-73.350578
11961.694336	-69.331596
11967.077637	-76.354698
11972.460938	-71.461479
11977.844238	-73.934029
11983.227539	-69.463013
11988.610840	-71.904144
11993.994141	-73.777695
11999.377441	-70.390015
12004.760742	-66.907578
12010.144043	-65.473061
12015.527344	-66.912979
12020.910645	-69.305534
12026.293945	-69.209709
12031.677246	-71.894936
12037.060547	-70.588257
12042.443848	-79.961983
12047.827148	-75.280060
12053.210449	-72.330383
12058.593750	-72.217133
12063.977051	-71.660660
12069.360352	-70.531555
12074.743652	-69.157677
12080.126953	-72.156967
12085.510254	-72.517876
12090.893555	-76.765366
12096.276855	-70.184822
12101.660156	-64.488472
12107.043457	-67.989113
12112.426758	-68.934944
12117.810059	-71.137383
12123.193359	-74.431442
12128.576660	-69.190376
12133.959961	-73.730484
12139.343262	-69.870628
12144.726562	-71.176941
12150.109863	-66.987206
12155.493164	-67.523659
12160.876465	-71.556595
12166.259766	-68.600594
12171.643066	-64.741989
12177.026367	-61.815971
12182.409668	-72.378914
12187.792969	-64.002449
12193.176270	-64.223335
12198.559570	-70.728645
12203.942871	-67.202614
12209.326172	-72.964760
12214.709473	-70.228310
12220.092773	-64.636642
12225.476074	-66.869087
12230.859375	-73.867416
12236.242676	-74.900764
12241.625977	-63.321377
12247.009277	-63.932404
12252.392578	-68.343018
12257.775879	-72.191261
12263.159180	-72.981865
12268.542480	-71.766068
12273.925781	-75.709053
12279.309082	-86.566719
12284.692383	-74.518692
12290.075684	-76.625168
12295.458984	-80.477821
12300.842285	-76.836395
12306.225586	-71.786484
12311.608887	-79.191734
12316.992188	-74.534790
12322.375488	-72.540970
12327.758789	-64.650970
12333.142090	-66.741730
12338.525391	-70.938766
12343.908691	-68.843788
12349.291992	-71.449394
12354.675293	-81.738380
12360.058594	-69.439804
12365.441895	-70.202072
12370.825195	-73.071274
12376.208496	-82.401443
12381.591797	-77.121696
12386.975098	-76.393394
12392.358398	-74.731796
12397.741699	-79.960930
12403.125000	-80.152260
12408.508301	-76.786240
12413.891602	-78.590775
12419.274902	-74.944359
12424.658203	-72.054710
12430.041504	-74.611961
12435.424805	-73.392784
12440.808105	-74.067131
12446.191406	-74.070015
12451.574707	-74.380096
12456.958008	-72.121422
12462.341309	-78.069336
12467.724609	-73.363373
12473.107910	-69.223297
12478.491211	-68.353951
12483.874512	-68.103149
12489.257812	-67.186310
12494.641113	-70.768875
12500.024414	-74.411247
12505.407715	-75.252274
12510.791016	-80.211105
12516.174316	-69.730019
12521.557617	-68.931763
12526.940918	-65.212395
12532.324219	-65.447075
12537.707520	-75.346138
12543.090820	-70.179985
12548.474121	-70.234093
12553.857422	-73.037849
12559.240723	-77.992958
12564.624023	-79.138039
12570.007324	-65.631142
12575.390625	-61.769077
12580.773926	-68.291588
12586.157227	-78.442688
12591.540527	-89.722557
12596.923828	-70.352448
12602.307129	-66.645485
12607.690430	-71.806091
12613.073730	-71.422638
12618.457031	-74.840233
12623.840332	-73.061340
12629.223633	-71.590767
12634.606934	-68.843842
12639.990234	-63.452648
12645.373535	-73.594131
12650.756836	-73.007477
12656.140137	-75.898811
12661.523438	-71.494110
12666.906738	-69.234558
12672.290039	-71.270500
12677.673340	-73.075180
12683.056641	-78.055275
12688.439941	-67.032715
12693.823242	-65.403091
12699.206543	-74.525116
12704.589844	-74.487663
12709.973145	-70.442291
12715.356445	-73.850502
12720.739746	-73.393326
12726.123047	-77.506744
12731.506348	-73.731773
12736.889648	-76.782639
12742.272949	-79.912743
12747.656250	-83.572472
12753.039551	-76.923340
12758.422852	-74.824013
12763.806152	-83.009155
12769.189453	-83.394257
12774.572754	-82.118393
12779.956055	-76.637436
12785.339355	-71.761543
12790.722656	-74.975075
12796.105957	-76.266716
12801.489258	-73.403885
12806.872559	-69.024414
12812.255859	-73.913773
12817.639160	-82.516464
12823.022461	-80.099869
12828.405762	-73.979034
12833.789062	-75.010750
12839.172363	-76.670891
12844.555664	-83.044167
12849.938965	-81.599785
12855.322266	-75.164520
12860.705566	-71.920349
12866.088867	-72.295822
12871.472168	-75.030319
12876.855469	-81.535126
12882.238770	-78.361526
12887.622070	-76.898979
12893.005371	-83.835594
12898.388672	-76.764687
12903.771973	-83.689629
12909.155273	-80.995552
12914.538574	-79.222488
12919.921875	-90.458565
12925.305176	-80.333687
12930.688477	-74.557518
12936.071777	-73.420044
12941.455078	-74.721916
12946.838379	-75.964371
12952.221680	-72.961739
12957.604980	-73.577675
12962.988281	-72.466858
12968.371582	-76.414970
12973.754883	-72.608528
12979.138184	-75.025131
12984.521484	-73.553963
12989.904785	-72.957222
12995.288086	-69.627304
13000.671387	-75.932716
13006.054688	-72.491524
13011.437988	-76.116310
13016.821289	-75.668320
13022.204590	-80.993088
13027.587891	-78.721359
13032.971191	-77.413025
13038.354492	-82.136902
13043.737793	-73.209930
13049.121094	-69.827995
13054.504395	-70.466118
13059.887695	-70.865730
13065.270996	-76.056976
13070.654297	-76.697739
13076.037598	-77.428246
13081.420898	-81.273491
13086.804199	-81.806290
13092.187500	-78.750122
13097.570801	-71.847748
13102.954102	-74.870987
13108.337402	-82.670067
13113.720703	-88.207787
13119.104004	-82.102501
13124.487305	-74.618149
13129.870605	-71.367554
13135.253906	-75.531281
13140.637207	-77.310089
13146.020508	-80.285355
13151.403809	-76.851860
13156.787109	-75.031227
13162.170410	-73.256355
13167.553711	-72.668365
13172.937012	-74.472534
13178.320312	-74.807571
13183.703613	-71.952217
13189.086914	-75.124405
13194.470215	-82.435326
13199.853516	-79.780975
13205.236816	-77.692482
13210.620117	-81.489403
13216.003418	-77.252769
13221.386719	-75.471542
13226.770020	-80.329430
13232.153320	-74.439964
13237.536621	-74.983887
13242.919922	-71.247963
13248.303223	-66.527458
13253.686523	-72.751083
13259.069824	-76.548164
13264.453125	-80.022507
13269.836426	-76.237839
13275.219727	-76.644669
13280.603027	-72.320831
13285.986328	-74.963219
13291.369629	-77.011009
13296.752930	-79.315491
13302.136230	-72.711411
13307.519531	-70.211922
13312.902832	-71.042542
13318.286133	-71.357941
13323.669434	-68.173058
13329.052734	-64.326180
13334.436035	-68.887352
13339.819336	-69.442657
13345.202637	-72.238823
13350.585938	-75.511391
13355.969238	-74.889160
13361.352539	-80.948135
13366.735840	-72.680557
13372.119141	-74.476669
13377.502441	-81.484833
13382.885742	-79.236183
13388.269043	-74.912460
13393.652344	-74.441795
13399.035645	-73.859322
13404.418945	-75.475456
13409.802246	-76.742645
13415.185547	-81.747787
13420.568848	-74.860420
13425.952148	-80.702515
13431.335449	-75.856544
13436.718750	-82.913132
13442.102051	-87.482048
13447.485352	-88.153351
13452.868652	-83.996933
13458.251953	-76.861816
13463.635254	-71.600998
13469.018555	-74.673660
13474.401855	-75.891899
13479.785156	-73.632027
13485.168457	-70.484207
13490.551758	-75.573654
13495.935059	-81.880486
13501.318359	-82.729950
13506.701660	-84.385918
13512.084961	-75.800529
13517.468262	-75.417267
13522.851562	-79.242477
13528.234863	-77.102486
13533.618164	-73.952660
13539.001465	-72.453041
13544.384766	-69.856972
13549.768066	-70.813492
13555.151367	-73.787437
13560.534668	-85.047234
13565.917969	-79.938591
13571.301270	-73.568001
13576.684570	-74.382439
13582.067871	-73.676674
13587.451172	-80.356041
13592.834473	-75.325027
13598.217773	-75.622704
13603.601074	-87.205421
13608.984375	-83.749359
13614.367676	-80.961304
13619.750977	-76.247063
13625.134277	-78.428932
13630.517578	-78.308159
13635.900879	-82.744064
13641.284180	-79.449554
13646.667480	-82.256111
13652.050781	-75.170021
13657.434082	-72.713593
13662.817383	-76.228050
13668.200684	-78.183556
13673.583984	-72.744606
13678.967285	-79.404602
13684.350586	-84.063980
13689.733887	-87.647873
13695.117188	-83.889061
13700.500488	-82.573288
13705.883789	-84.838562
13711.267090	-87.076294
13716.650391	-85.092049
13722.033691	-75.230164
13727.416992	-70.709305
13732.800293	-78.041946
13738.183594	-83.158264
13743.566895	-79.280411
13748.950195	-74.799400
13754.333496	-78.943840
13759.716797	-76.184830
13765.100098	-80.103378
13770.483398	-86.780426
13775.866699	-88.199783
13781.250000	-77.113571
13786.633301	-74.357155
13792.016602	-76.475441
13797.399902	-81.546310
13802.783203	-79.465431
13808.166504	-76.563026
13813.549805	-77.330833
13818.933105	-90.404640
13824.316406	-92.551353
13829.699707	-77.161079
13835.083008	-78.571106
13840.466309	-87.218575
13845.849609	-77.878014
13851.232910	-79.647224
13856.616211	-82.026039
13861.999512	-77.062363
13867.382812	-81.131279
13872.766113	-76.995033
13878.149414	-78.765388
13883.532715	-79.224625
13888.916016	-81.292908
13894.299316	-82.436073
13899.682617	-75.683990
13905.065918	-73.229660
13910.449219	-70.516113
13915.832520	-68.582153
13921.215820	-71.654572
13926.599121	-73.326622
13931.982422	-70.273376
13937.365723	-77.383476
13942.749023	-76.786713
13948.132324	-78.780869
13953.515625	-84.180031
13958.898926	-75.904984
13964.282227	-70.887527
13969.665527	-74.532158
13975.048828	-74.779022
13980.432129	-73.337746
13985.815430	-77.972038
13991.198730	-93.812019
13996.582031	-85.771591
14001.965332	-84.121475
14007.348633	-76.981140
14012.731934	-71.837448
14018.115234	-77.584305
14023.498535	-77.106079
14028.881836	-82.809700
14034.265137	-74.678001
14039.648438	-78.164619
14045.031738	-77.957108
14050.415039	-82.503868
14055.798340	-79.403458
14061.181641	-81.462959
14066.564941	-85.315437
14071.948242	-81.081657
14077.331543	-80.019852
14082.714844	-86.177040
14088.098145	-90.661301
14093.481445	-85.862213
14098.864746	-81.872429
14104.248047	-93.990692
14109.631348	-78.499100
14115.014648	-81.204880
14120.397949	-90.791885
14125.781250	-85.069458
14131.164551	-83.322174
14136.547852	-82.754089
14141.931152	-82.925522
14147.314453	-90.797386
14152.697754	-86.638443
14158.081055	-77.880600
14163.464355	-81.981934
14168.847656	-92.594162
14174.230957	-82.706833
14179.614258	-88.299126
14184.997559	-83.096664
14190.380859	-79.693321
14195.764160	-83.410774
14201.147461	-95.319427
14206.530762	-90.225937
14211.914062	-79.316307
14217.297363	-80.192741
14222.680664	-79.248085
14228.063965	-74.474304
14233.447266	-70.817215
14238.830566	-72.767189
14244.213867	-74.416573
14249.597168	-72.295380
14254.980469	-75.691910
14260.363770	-75.197540
14265.747070	-82.170135
14271.130371	-76.812218
14276.513672	-77.580490
14281.896973	-79.773201
14287.280273	-76.627136
14292.663574	-75.796745
14298.046875	-72.994270
14303.430176	-72.615501
14308.813477	-74.684723
14314.196777	-79.123833
14319.580078	-80.939011
14324.963379	-83.476997
14330.346680	-82.003288
14335.729980	-71.237152
14341.113281	-74.491463
14346.496582	-77.248283
14351.879883	-83.223129
14357.263184	-74.159912
14362.646484	-75.784660
14368.029785	-81.399300
14373.413086	-78.858170
14378.796387	-71.975212
14384.179688	-76.721481
14389.562988	-81.846634
14394.946289	-77.714043
14400.329590	-77.937820
14405.712891	-75.409538
14411.096191	-82.792778
14416.479492	-77.871246
14421.862793	-78.814629
14427.246094	-79.156326
14432.629395	-82.988449
14438.012695	-78.175789
14443.395996	-69.413834
14448.779297	-68.037872
14454.162598	-72.345825
14459.545898	-76.136993
14464.929199	-76.262054
14470.312500	-76.267273
14475.695801	-76.081299
14481.079102	-79.582962
14486.462402	-82.801903
14491.845703	-86.869835
14497.229004	-83.160095
14502.612305	-76.533974
14507.995605	-82.443367
14513.378906	-93.604851
14518.762207	-87.985046
14524.145508	-82.701370
14529.528809	-87.958046
14534.912109	-83.920395
14540.295410	-86.030006
14545.678711	-87.653862
14551.062012	-85.640251
14556.445312	-81.010300
14561.828613	-71.855392
14567.211914	-73.370567
14572.595215	-78.699203
14577.978516	-79.806854
14583.361816	-86.145966
14588.745117	-82.801392
14594.128418	-83.086594
14599.511719	-83.202415
14604.895020	-86.469025
14610.278320	-85.819977
14615.661621	-80.149544
14621.044922	-77.032417
14626.428223	-85.327484
14631.811523	-78.114799
14637.194824	-75.832481
14642.578125	-81.487717
14647.961426	-81.911522
14653.344727	-73.348724
14658.728027	-77.858711
14664.111328	-80.438530
14669.494629	-85.140350
14674.877930	-84.629280
14680.261230	-77.460251
14685.644531	-84.361206
14691.027832	-77.678802
14696.411133	-87.428238
14701.794434	-74.952370
14707.177734	-70.566803
14712.561035	-70.824532
14717.944336	-79.832268
14723.327637	-86.789490
14728.710938	-77.325066
14734.094238	-86.294250
14739.477539	-82.278160
14744.860840	-81.123451
14750.244141	-76.770439
14755.627441	-75.909576
14761.010742	-84.606461
14766.394043	-87.582420
14771.777344	-81.011177
14777.160645	-91.698563
14782.543945	-80.869003
14787.927246	-83.085464
14793.310547	-80.131187
14798.693848	-79.339439
14804.077148	-83.325943
14809.460449	-79.313820
14814.843750	-81.168900
14820.227051	-75.598724
14825.610352	-70.956558
14830.993652	-70.486084
14836.376953	-72.097015
14841.760254	-80.436264
14847.143555	-76.640213
14852.526855	-74.384224
14857.910156	-71.592979
14863.293457	-75.556274
14868.676758	-75.769745
14874.060059	-84.077988
14879.443359	-75.456627
14884.826660	-75.670403
14890.209961	-74.626747
14895.593262	-73.288010
14900.976562	-74.995987
14906.359863	-79.818222
14911.743164	-77.844376
14917.126465	-84.863731
14922.509766	-81.639381
14927.893066	-76.142609
14933.276367	-77.975266
14938.659668	-83.201935
14944.042969	-85.593643
14949.426270	-85.831703
14954.809570	-83.235161
14960.192871	-76.819611
14965.576172	-73.939270
14970.959473	-71.424080
14976.342773	-78.049171
14981.726074	-83.597809
14987.109375	-76.378662
14992.492676	-77.736130
14997.875977	-75.845276
15003.259277	-74.033333
15008.642578	-80.484917
15014.025879	-86.310974
15019.409180	-86.067566
15024.792480	-83.619324
15030.175781	-75.728523
15035.559082	-79.200928
15040.942383	-83.295624
15046.325684	-83.943039
15051.708984	-78.100159
15057.092285	-81.638641
15062.475586	-81.695419
15067.858887	-76.404900
15073.242188	-74.395027
15078.625488	-78.094421
15084.008789	-81.144608
15089.392090	-79.554153
15094.775391	-82.666878
15100.158691	-81.172432
15105.541992	-85.964066
15110.925293	-83.891327
15116.308594	-78.822563
15121.691895	-78.638496
15127.075195	-80.226234
15132.458496	-91.036583
15137.841797	-75.202576
15143.225098	-73.958900
15148.608398	-77.890335
15153.991699	-76.182442
15159.375000	-78.339211
15164.758301	-80.472366
15170.141602	-74.768806
15175.524902	-74.422783
15180.908203	-80.181145
15186.291504	-84.383018
15191.674805	-78.162773
15197.058105	-71.991760
15202.441406	-69.233322
15207.824707	-78.884354
15213.208008	-76.169876
15218.591309	-75.260704
15223.974609	-77.685471
15229.357910	-75.416908
15234.741211	-74.931229
15240.124512	-78.562698
15245.507812	-86.701157
15250.891113	-89.714775
15256.274414	-90.377907
15261.657715	-86.324409
15267.041016	-87.004707
15272.424316	-91.675941
15277.807617	-80.056145
15283.190918	-78.408485
15288.574219	-81.396065
15293.957520	-78.107681
15299.340820	-83.101044
15304.724121	-92.627365
15310.107422	-86.337143
15315.490723	-80.971626
15320.874023	-88.212288
15326.257324	-86.663940
15331.640625	-88.453659
15337.023926	-85.830254
15342.407227	-76.091614
15347.790527	-79.924232
15353.173828	-81.565781
15358.557129	-79.918953
15363.940430	-86.935539
15369.323730	-78.043419
15374.707031	-77.067932
15380.090332	-85.371758
15385.473633	-89.594208
15390.856934	-86.835678
15396.240234	-81.564728
15401.623535	-80.651604
15407.006836	-82.948555
15412.390137	-84.957695
15417.773438	-80.063416
15423.156738	-78.283463
15428.540039	-84.156197
15433.923340	-89.388397
15439.306641	-93.241203
15444.689941	-89.832100
15450.073242	-80.009117
15455.456543	-80.713631
15460.839844	-88.120209
15466.223145	-86.909531
15471.606445	-89.328262
15476.989746	-92.775780
15482.373047	-79.238274
15487.756348	-82.385841
15493.139648	-88.038269
15498.522949	-83.403008
15503.906250	-79.781898
15509.289551	-82.801888
15514.672852	-88.588074
15520.056152	-82.417976
15525.439453	-76.477448
15530.822754	-78.140923
15536.206055	-85.799973
15541.589355	-82.020592
15546.972656	-75.794357
15552.355957	-79.701118
15557.739258	-76.470184
15563.122559	-78.906189
15568.505859	-86.496292
15573.889160	-85.193573
15579.272461	-82.679359
15584.655762	-73.838631
15590.039062	-76.212402
15595.422363	-74.802208
15600.805664	-73.150719
15606.188965	-82.309280
15611.572266	-84.458038
15616.955566	-79.896980
15622.338867	-83.885422
15627.722168	-79.464523
15633.105469	-84.120697
15638.488770	-88.727493
15643.872070	-89.790359
15649.255371	-83.572693
15654.638672	-89.671555
15660.021973	-84.532745
15665.405273	-82.479111
15670.788574	-89.850204
15676.171875	-83.546066
15681.555176	-84.575935
15686.938477	-96.672424
15692.321777	-89.479904
15697.705078	-84.836441
15703.088379	-85.890289
15708.471680	-86.354973
15713.854980	-84.722816
15719.238281	-85.015007
15724.621582	-85.727531
15730.004883	-82.855606
15735.388184	-84.928307
15740.771484	-80.156609
15746.154785	-79.929466
15751.538086	-83.384239
15756.921387	-84.207375
15762.304688	-84.190308
15767.687988	-80.002289
15773.071289	-77.914597
15778.454590	-84.949791
15783.837891	-80.301857
15789.221191	-85.122795
15794.604492	-85.043449
15799.987793	-80.485199
15805.371094	-85.811340
15810.754395	-77.922913
15816.137695	-76.428146
15821.520996	-80.366043
15826.904297	-85.212738
15832.287598	-91.050224
15837.670898	-89.256325
15843.054199	-81.560547
15848.437500	-82.195076
15853.820801	-80.442413
15859.204102	-87.222260
15864.587402	-78.130959
15869.970703	-74.963417
15875.354004	-80.773201
15880.737305	-84.428658
15886.120605	-81.104942
15891.503906	-89.715645
15896.887207	-88.795242
15902.270508	-83.124405
15907.653809	-89.741997
15913.037109	-84.792404
15918.420410	-82.015457
15923.803711	-78.851494
15929.187012	-89.816605
15934.570312	-87.630150
15939.953613	-90.887978
15945.336914	-83.313721
15950.720215	-80.526840
15956.103516	-84.660629
15961.486816	-87.875885
15966.870117	-87.435013
15972.253418	-77.672150
15977.636719	-81.434235
15983.020020	-85.049690
15988.403320	-82.357307
15993.786621	-81.712738
15999.169922	-81.805428
16004.553223	-84.076355
16009.936523	-88.610435
16015.319824	-79.060165
16020.703125	-83.871964
16026.086426	-81.922180
16031.469727	-83.254395
16036.853027	-89.831154
16042.236328	-95.422173
16047.619629	-85.110817
16053.002930	-79.242409
16058.386230	-80.342873
16063.769531	-86.722359
16069.152832	-85.563866
16074.536133	-76.264984
16079.919434	-78.527252
16085.302734	-85.697899
16090.686035	-73.528877
16096.069336	-75.720245
16101.452637	-88.847473
16106.835938	-88.318787
16112.219238	-78.269745
16117.602539	-74.613152
16122.985840	-76.867050
16128.369141	-89.375793
16133.752441	-88.031738
16139.135742	-77.063408
16144.519043	-78.881813
16149.902344	-81.656311
16155.285645	-80.126801
16160.668945	-90.957954
16166.052246	-80.984322
16171.435547	-82.678894
16176.818848	-84.880989
16182.202148	-88.843857
16187.585449	-84.297119
16192.968750	-80.187859
16198.352051	-90.905373
16203.735352	-84.338737
16209.118652	-89.985916
16214.501953	-87.492104
16219.885254	-84.329277
16225.268555	-82.503334
16230.651855	-78.303131
16236.035156	-83.302185
16241.418457	-88.960945
16246.801758	-90.976822
16252.185059	-88.439651
16257.568359	-81.212448
16262.951660	-89.260666
16268.334961	-88.240746
16273.718262	-84.310173
16279.101562	-85.719734
16284.484863	-84.175873
16289.868164	-88.537704
16295.251465	-93.668396
16300.634766	-90.423882
16306.018066	-94.684151
16311.401367	-85.916824
16316.784668	-88.343102
16322.167969	-93.471901
16327.551270	-91.897789
16332.934570	-84.096771
16338.317871	-89.372681
16343.701172	-84.048141
16349.084473	-82.276787
16354.467773	-83.974625
16359.851074	-86.361267
16365.234375	-102.251457
16370.617676	-86.136864
16376.000977	-82.948761
16381.384277	-94.474854
16386.767578	-87.070152
16392.150879	-88.712387
16397.534180	-85.846298
16402.917480	-84.768333
16408.300781	-87.241211
16413.684082	-94.775604
16419.067383	-82.227501
16424.450684	-83.861259
16429.833984	-88.282669
16435.217285	-90.672882
16440.600586	-83.954201
16445.983887	-83.263184
16451.367188	-85.172760
16456.750488	-82.663666
16462.133789	-81.577858
16467.517090	-93.889496
16472.900391	-82.696815
16478.283691	-82.737991
16483.666992	-88.453278
16489.050293	-92.434937
16494.433594	-97.650764
16499.816895	-82.613693
16505.200195	-86.210892
16510.583496	-95.141411
16515.966797	-83.783585
16521.350098	-85.531288
16526.733398	-81.763680
16532.116699	-81.315987
16537.500000	-79.174736
16542.883301	-80.359558
16548.266602	-88.691780
16553.649902	-82.757149
16559.033203	-81.621643
16564.416504	-80.902359
16569.799805	-83.322250
16575.183105	-86.492561
16580.566406	-86.215042
16585.949707	-89.741745
16591.333008	-91.643250
16596.716309	-89.989738
16602.099609	-89.809212
16607.482910	-95.242386
16612.866211	-94.292282
16618.249512	-84.696312
16623.632812	-85.925766
16629.016113	-98.849022
16634.399414	-95.801979
16639.782715	-89.303047
16645.166016	-91.890053
16650.549316	-87.609825
16655.932617	-87.334152
16661.315918	-84.473808
16666.699219	-91.412498
16672.082520	-85.843018
16677.465820	-85.417732
16682.849121	-86.809196
16688.232422	-89.132538
16693.615723	-84.999939
16698.999023	-87.655060
16704.382324	-83.227821
16709.765625	-78.635277
16715.148926	-90.158752
16720.532227	-89.226913
16725.915527	-86.180595
16731.298828	-89.519180
16736.682129	-91.371849
16742.065430	-94.737740
16747.448730	-88.204758
16752.832031	-88.309090
16758.215332	-85.301041
16763.598633	-84.324417
16768.981934	-94.397575
16774.365234	-82.989838
16779.748535	-84.142937
16785.131836	-84.508049
16790.515137	-88.703659
16795.898438	-86.820999
16801.281738	-91.541084
16806.665039	-99.262321
16812.048340	-91.018951
16817.431641	-86.754745
16822.814941	-95.421783
16828.198242	-93.817238
16833.581543	-89.964668
16838.964844	-91.640816
16844.348145	-92.024963
16849.731445	-88.755737
16855.114746	-95.747070
16860.498047	-84.277641
16865.881348	-83.205887
16871.264648	-84.487389
16876.647949	-82.013039
16882.031250	-79.189117
16887.414551	-85.727463
16892.797852	-85.122215
16898.181152	-83.889572
16903.564453	-86.686211
16908.947754	-86.209999
16914.331055	-93.656387
16919.714355	-82.912033
16925.097656	-89.372246
16930.480957	-91.386963
16935.864258	-87.521210
16941.247559	-90.210175
16946.630859	-87.562576
16952.014160	-84.775627
16957.397461	-90.649811
16962.780762	-91.340233
16968.164062	-81.936996
16973.547363	-87.725868
16978.930664	-88.135025
16984.313965	-93.828323
16989.697266	-99.248322
16995.080566	-85.623253
17000.463867	-88.605721
17005.847168	-88.744438
17011.230469	-88.793449
17016.613770	-87.621880
17021.997070	-83.858856
17027.380371	-85.730972
17032.763672	-84.972176
17038.146973	-87.910019
17043.530273	-79.768250
17048.913574	-80.488167
17054.296875	-90.880524
17059.680176	-89.950790
17065.063477	-89.831665
17070.446777	-81.852341
17075.830078	-79.740364
17081.213379	-82.982872
17086.596680	-83.190781
17091.979980	-82.664642
17097.363281	-80.219261
17102.746582	-83.174408
17108.129883	-92.488754
17113.513184	-92.681244
17118.896484	-89.266808
17124.279785	-84.059570
17129.663086	-83.685753
17135.046387	-82.004684
17140.429688	-82.467415
17145.812988	-81.936409
17151.196289	-79.924240
17156.579590	-90.408287
17161.962891	-96.016403
17167.346191	-90.102173
17172.729492	-89.510887
17178.112793	-86.025620
17183.496094	-87.801239
17188.879395	-97.880203
17194.262695	-91.139557
17199.645996	-92.687752
17205.029297	-80.788307
17210.412598	-83.646545
17215.795898	-85.391548
17221.179199	-89.971184
17226.562500	-77.833847
17231.945801	-78.327736
17237.329102	-82.948364
17242.712402	-79.854866
17248.095703	-87.406052
17253.479004	-91.170082
17258.862305	-92.936279
17264.245605	-84.424248
17269.628906	-80.439148
17275.012207	-81.242767
17280.395508	-87.162849
17285.778809	-91.064156
17291.162109	-84.296494
17296.545410	-88.742516
17301.928711	-84.270256
17307.312012	-83.289963
17312.695312	-99.537804
17318.078613	-84.138260
17323.461914	-84.849686
17328.845215	-92.391373
17334.228516	-87.232582
17339.611816	-83.653778
17344.995117	-92.872643
17350.378418	-88.990105
17355.761719	-86.765015
17361.145020	-83.337090
17366.528320	-79.957069
17371.911621	-83.937782
17377.294922	-89.767052
17382.678223	-81.805321
17388.061523	-83.757721
17393.444824	-89.220787
17398.828125	-86.862335
17404.211426	-95.130196
17409.594727	-93.692841
17414.978027	-88.614151
17420.361328	-94.554588
17425.744629	-87.059883
17431.127930	-82.829346
17436.511230	-93.035408
17441.894531	-80.768105
17447.277832	-81.454903
17452.661133	-82.650475
17458.044434	-84.040161
17463.427734	-91.873650
17468.811035	-82.495331
17474.194336	-82.955841
17479.577637	-85.591316
17484.960938	-99.749741
17490.344238	-91.888321
17495.727539	-96.346199
17501.110840	-92.277290
17506.494141	-88.138512
17511.877441	-84.447556
17517.260742	-81.479057
17522.644043	-84.740112
17528.027344	-94.421188
17533.410645	-91.795563
17538.793945	-94.788490
17544.177246	-98.869148
17549.560547	-89.171875
17554.943848	-86.780762
17560.327148	-95.939812
17565.710449	-86.080093
17571.093750	-88.810661
17576.477051	-90.721992
17581.860352	-85.749878
17587.243652	-97.717934
17592.626953	-90.405304
17598.010254	-90.745422
17603.393555	-96.551384
17608.776855	-96.194542
17614.160156	-90.326622
17619.543457	-84.798294
17624.926758	-80.273506
17630.310059	-82.775810
17635.693359	-94.490524
17641.076660	-86.975533
17646.459961	-85.117966
17651.843262	-83.346092
17657.226562	-91.159683
17662.609863	-84.690659
17667.993164	-88.282722
17673.376465	-88.201904
17678.759766	-92.339218
17684.143066	-84.763092
17689.526367	-86.629028
17694.909668	-85.574944
17700.292969	-83.478050
17705.676270	-103.992371
17711.059570	-88.820015
17716.442871	-92.171097
17721.826172	-91.886810
17727.209473	-90.496277
17732.592773	-84.727753
17737.976074	-88.380287
17743.359375	-84.780045
17748.742676	-86.457848
17754.125977	-89.979286
17759.509277	-87.620346
17764.892578	-92.616440
17770.275879	-86.831657
17775.659180	-91.640663
17781.042480	-85.771103
17786.425781	-94.855095
17791.809082	-83.071358
17797.192383	-85.432137
17802.575684	-84.647697
17807.958984	-96.711845
17813.342285	-80.410004
17818.725586	-81.577591
17824.108887	-90.048492
17829.492188	-80.750824
17834.875488	-80.861107
17840.258789	-87.699196
17845.642090	-89.215668
17851.025391	-107.672249
17856.408691	-95.868797
17861.791992	-85.287369
17867.175293	-86.657936
17872.558594	-93.046165
17877.941895	-93.131653
17883.325195	-95.895706
17888.708496	-100.995117
17894.091797	-88.809540
17899.475098	-91.665138
17904.858398	-91.487114
17910.241699	-87.251556
17915.625000	-90.883324
17921.008301	-96.232666
17926.391602	-88.341934
17931.774902	-90.263184
17937.158203	-86.383476
17942.541504	-89.659882
17947.924805	-86.403160
17953.308105	-92.117867
17958.691406	-87.183655
17964.074707	-92.044609
17969.458008	-89.633240
17974.841309	-88.769608
17980.224609	-81.647774
17985.607910	-83.916336
17990.991211	-87.506073
17996.374512	-89.231995
18001.757812	-88.995926
18007.141113	-85.703949
18012.524414	-93.714012
18017.907715	-100.932068
18023.291016	-90.993423
18028.674316	-85.410973
18034.057617	-88.733810
18039.440918	-89.159943
18044.824219	-90.443954
18050.207520	-97.909767
18055.590820	-90.016876
18060.974121	-92.086975
18066.357422	-91.412445
18071.740723	-92.803711
18077.124023	-96.654060
18082.507324	-89.067337
18087.890625	-91.797371
18093.273926	-95.230316
18098.657227	-100.242661
18104.040527	-93.685249
18109.423828	-87.758148
18114.807129	-81.268791
18120.190430	-86.015411
18125.573730	-88.875099
18130.957031	-86.874924
18136.340332	-86.458611
18141.723633	-91.985878
18147.106934	-93.912315
18152.490234	-94.580803
18157.873535	-88.697578
18163.256836	-88.869888
18168.640137	-89.777237
18174.023438	-86.994370
18179.406738	-86.139565
18184.790039	-88.964066
18190.173340	-91.421028
18195.556641	-85.622864
18200.939941	-83.705383
18206.323242	-83.553520
18211.706543	-90.023224
18217.089844	-91.185905
18222.473145	-90.396614
18227.856445	-90.049301
18233.239746	-84.057053
18238.623047	-84.891541
18244.006348	-92.011536
18249.389648	-84.561371
18254.772949	-84.620262
18260.156250	-89.208740
18265.539551	-90.366814
18270.922852	-86.679832
18276.306152	-91.889740
18281.689453	-84.129303
18287.072754	-87.083534
18292.456055	-87.270027
18297.839355	-88.481224
18303.222656	-84.951805
18308.605957	-93.051491
18313.989258	-85.061218
18319.372559	-83.542519
18324.755859	-86.870056
18330.139160	-96.473915
18335.522461	-85.933678
18340.905762	-82.135506
18346.289062	-79.117149
18351.672363	-81.079201
18357.055664	-87.395142
18362.438965	-84.113365
18367.822266	-82.897644
18373.205566	-83.717918
18378.588867	-94.981979
18383.972168	-88.394653
18389.355469	-85.475838
18394.738770	-89.291389
18400.122070	-98.283554
18405.505371	-103.822372
18410.888672	-93.318489
18416.271973	-89.439224
18421.655273	-87.519104
18427.038574	-85.154045
18432.421875	-94.264061
18437.805176	-98.657852
18443.188477	-92.916817
18448.571777	-87.105309
18453.955078	-91.602402
18459.338379	-85.196930
18464.721680	-81.726265
18470.104980	-82.523216
18475.488281	-84.222397
18480.871582	-93.247131
18486.254883	-89.168755
18491.638184	-92.612083
18497.021484	-92.635887
18502.404785	-93.921127
18507.788086	-98.204018
18513.171387	-90.559929
18518.554688	-96.708611
18523.937988	-90.050072
18529.321289	-83.569183
18534.704590	-83.353310
18540.087891	-86.620972
18545.471191	-91.304504
18550.854492	-86.575081
18556.237793	-86.249786
18561.621094	-90.010727
18567.004395	-89.740837
18572.387695	-94.910423
18577.770996	-84.189964
18583.154297	-86.299362
18588.537598	-94.773720
18593.920898	-87.934242
18599.304199	-82.186363
18604.687500	-81.604500
18610.070801	-81.603798
18615.454102	-85.080528
18620.837402	-97.206436
18626.220703	-98.245689
18631.604004	-94.520500
18636.987305	-91.579689
18642.370605	-89.118217
18647.753906	-86.454460
18653.137207	-87.997948
18658.520508	-91.351105
18663.903809	-89.681656
18669.287109	-90.464439
18674.670410	-87.778442
18680.053711	-87.149750
18685.437012	-100.506653
18690.820312	-93.948853
18696.203613	-90.639885
18701.586914	-85.124268
18706.970215	-89.628983
18712.353516	-100.458267
18717.736816	-91.927063
18723.120117	-86.968132
18728.503418	-83.114120
18733.886719	-82.524239
18739.270020	-90.246788
18744.653320	-89.733673
18750.036621	-85.738327
18755.419922	-82.577469
18760.803223	-84.143456
18766.186523	-84.387611
18771.569824	-92.185257
18776.953125	-87.432945
18782.336426	-85.468842
18787.719727	-85.546753
18793.103027	-90.251060
18798.486328	-84.039383
18803.869629	-82.640678
18809.252930	-88.940132
18814.636230	-89.539368
18820.019531	-90.815285
18825.402832	-87.969589
18830.786133	-88.365692
18836.169434	-89.218857
18841.552734	-84.387512
18846.936035	-85.845673
18852.319336	-101.214363
18857.702637	-88.064972
18863.085938	-87.615982
18868.469238	-86.811180
18873.852539	-84.174187
18879.235840	-86.533920
18884.619141	-92.544533
18890.002441	-90.167458
18895.385742	-94.732117
18900.769043	-92.108109
18906.152344	-97.328537
18911.535645	-88.180878
18916.918945	-97.387413
18922.302246	-88.714546
18927.685547	-90.322350
18933.068848	-91.358421
18938.452148	-94.017159
18943.835449	-98.453049
18949.218750	-93.543388
18954.602051	-102.104538
18959.985352	-90.409317
18965.368652	-85.748016
18970.751953	-85.979393
18976.135254	-87.498383
18981.518555	-86.698097
18986.901855	-89.473976
18992.285156	-89.619125
18997.668457	-94.735840
19003.051758	-93.175133
19008.435059	-88.085220
19013.818359	-98.040817
19019.201660	-91.301353
19024.584961	-89.782860
19029.968262	-92.964172
19035.351562	-92.074600
19040.734863	-85.992317
19046.118164	-93.706863
19051.501465	-88.986580
19056.884766	-85.046715
19062.268066	-91.056526
19067.651367	-88.755173
19073.034668	-87.535004
19078.417969	-93.839378
19083.801270	-85.945740
19089.184570	-84.025261
19094.567871	-91.991417
19099.951172	-81.389328
19105.334473	-86.865433
19110.717773	-87.038338
19116.101074	-84.472549
19121.484375	-86.172394
19126.867676	-83.033363
19132.250977	-83.063347
19137.634277	-86.648705
19143.017578	-86.592278
19148.400879	-86.011169
19153.784180	-88.817444
19159.167480	-95.818260
19164.550781	-93.713654
19169.934082	-90.009613
19175.317383	-84.399330
19180.700684	-86.841408
19186.083984	-84.839615
19191.467285	-82.300972
19196.850586	-86.738831
19202.233887	-97.236397
19207.617188	-93.781685
19213.000488	-96.795692
19218.383789	-91.409187
19223.767090	-89.024666
19229.150391	-84.302795
19234.533691	-92.397285
19239.916992	-88.327263
19245.300293	-93.197914
19250.683594	-103.431610
19256.066895	-93.667122
19261.450195	-90.481880
19266.833496	-94.000610
19272.216797	-92.179871
19277.600098	-95.641396
19282.983398	-98.154541
19288.366699	-93.510849
19293.750000	-89.297714
19299.133301	-90.429565
19304.516602	-95.722786
19309.899902	-90.250351
19315.283203	-87.746193
19320.666504	-97.463112
19326.049805	-88.962410
19331.433105	-100.144135
19336.816406	-91.040382
19342.199707	-102.066643
19347.583008	-98.721077
19352.966309	-92.423813
19358.349609	-99.509041
19363.732910	-93.783051
19369.116211	-93.820045
19374.499512	-95.091789
19379.882812	-86.845932
19385.266113	-89.987144
19390.649414	-92.590240
19396.032715	-93.798630
19401.416016	-91.156357
19406.799316	-88.466316
19412.182617	-86.242966
19417.565918	-86.258629
19422.949219	-92.460693
19428.332520	-90.647705
19433.715820	-89.191116
19439.099121	-91.367355
19444.482422	-88.308372
19449.865723	-95.685623
19455.249023	-88.001022
19460.632324	-86.420547
19466.015625	-93.375412
19471.398926	-96.437302
19476.782227	-94.480492
19482.165527	-85.796822
19487.548828	-86.804062
19492.932129	-92.348969
19498.315430	-88.959190
19503.698730	-88.304115
19509.082031	-91.733704
19514.465332	-88.620140
19519.848633	-91.670509
19525.231934	-86.817200
19530.615234	-104.385513
19535.998535	-90.702942
19541.381836	-91.532059
19546.765137	-95.057190
19552.148438	-86.541580
19557.531738	-90.896599
19562.915039	-92.700661
19568.298340	-93.984909
19573.681641	-91.661674
19579.064941	-89.879868
19584.448242	-87.945129
19589.831543	-92.166870
19595.214844	-92.569305
19600.598145	-92.129280
19605.981445	-90.659119
19611.364746	-96.942673
19616.748047	-91.482903
19622.131348	-97.221237
19627.514648	-86.163139
19632.897949	-92.151512
19638.281250	-85.951408
19643.664551	-86.178680
19649.047852	-86.509735
19654.431152	-88.289574
19659.814453	-88.465057
19665.197754	-88.909508
19670.581055	-85.977715
19675.964355	-88.685013
19681.347656	-91.524071
19686.730957	-87.568909
19692.114258	-89.424728
19697.497559	-96.427155
19702.880859	-91.126350
19708.264160	-90.102409
19713.647461	-92.455116
19719.030762	-83.183182
19724.414062	-85.749649
19729.797363	-89.544868
19735.180664	-87.533661
19740.563965	-85.236725
19745.947266	-91.450912
19751.330566	-88.268639
19756.713867	-90.929802
19762.097168	-98.610634
19767.480469	-88.006073
19772.863770	-87.596298
19778.247070	-92.444382
19783.630371	-88.383316
19789.013672	-93.700829
19794.396973	-88.126991
19799.780273	-90.641075
19805.163574	-99.561096
19810.546875	-94.925156
19815.930176	-92.747688
19821.313477	-98.860184
19826.696777	-93.850372
19832.080078	-90.824104
19837.463379	-96.355270
19842.846680	-95.986725
19848.229980	-89.194702
19853.613281	-88.988426
19858.996582	-97.843765
19864.379883	-94.817223
19869.763184	-86.843979
19875.146484	-89.667824
19880.529785	-100.271370
19885.913086	-94.056976
19891.296387	-95.623009
19896.679688	-94.824760
19902.062988	-90.495369
19907.446289	-96.348808
19912.829590	-91.520500
19918.212891	-86.737717
19923.596191	-89.309761
19928.979492	-93.258186
19934.362793	-95.161713
19939.746094	-94.186371
19945.129395	-91.883644
19950.512695	-87.372932
19955.895996	-91.274460
19961.279297	-89.119324
19966.662598	-99.642166
19972.045898	-88.320244
19977.429199	-91.987526
19982.812500	-92.512512
19988.195801	-84.102226
19993.579102	-85.594994
19998.962402	-87.577393
20004.345703	-98.964752
20009.729004	-98.517891
20015.112305	-89.377571
20020.495605	-89.206894
20025.878906	-95.813377
20031.262207	-93.551445
20036.645508	-93.131813
20042.028809	-87.639725
20047.412109	-94.684738
20052.795410	-90.611481
20058.178711	-94.028725
20063.562012	-91.197578
20068.945312	-89.083725
20074.328613	-87.651123
20079.711914	-89.002998
20085.095215	-86.849182
20090.478516	-89.148323
20095.861816	-96.499329
20101.245117	-93.807159
20106.628418	-91.459511
20112.011719	-86.475304
20117.395020	-87.159798
20122.778320	-95.530273
20128.161621	-87.090050
20133.544922	-90.181145
20138.928223	-92.500168
20144.311523	-95.102470
20149.694824	-89.005188
20155.078125	-85.663147
20160.461426	-84.311447
20165.844727	-100.595154
20171.228027	-100.934143
20176.611328	-92.322380
20181.994629	-90.435326
20187.377930	-99.061737
20192.761230	-89.693604
20198.144531	-101.014183
20203.527832	-94.489075
20208.911133	-92.889740
20214.294434	-93.285324
20219.677734	-93.159157
20225.061035	-91.057022
20230.444336	-92.852028
20235.827637	-94.461395
20241.210938	-104.811836
20246.594238	-98.637085
20251.977539	-95.432381
20257.360840	-90.522163
20262.744141	-96.784286
20268.127441	-94.647217
20273.510742	-91.565659
20278.894043	-92.445168
20284.277344	-95.645737
20289.660645	-105.328804
20295.043945	-95.589424
20300.427246	-95.696640
20305.810547	-93.822533
20311.193848	-92.830856
20316.577148	-92.059799
20321.960449	-94.868401
20327.343750	-95.702934
20332.727051	-101.367531
20338.110352	-92.118736
20343.493652	-93.597015
20348.876953	-91.549339
20354.260254	-91.317589
20359.643555	-92.576141
20365.026855	-93.245506
20370.410156	-90.853310
20375.793457	-88.300064
20381.176758	-91.062485
20386.560059	-95.743118
20391.943359	-95.986099
20397.326660	-93.387024
20402.709961	-94.906990
20408.093262	-90.053001
20413.476562	-91.249138
20418.859863	-97.844360
20424.243164	-96.482239
20429.626465	-94.558434
20435.009766	-94.627785
20440.393066	-91.048477
20445.776367	-90.642891
20451.159668	-89.923370
20456.542969	-89.172714
20461.926270	-92.692047
20467.309570	-99.874443
20472.692871	-96.614815
20478.076172	-98.336494
20483.459473	-97.391914
20488.842773	-94.834038
20494.226074	-101.524635
20499.609375	-88.507812
20504.992676	-90.397514
20510.375977	-95.202332
20515.759277	-103.684357
20521.142578	-101.639969
20526.525879	-96.082306
20531.909180	-94.510040
20537.292480	-87.190079
20542.675781	-90.069046
20548.059082	-95.147629
20553.442383	-96.908386
20558.825684	-102.279114
20564.208984	-97.744095
20569.592285	-106.554764
20574.975586	-95.795967
20580.358887	-96.430664
20585.742188	-96.648079
20591.125488	-90.030342
20596.508789	-96.772003
20601.892090	-99.619728
20607.275391	-91.878845
20612.658691	-97.808281
20618.041992	-93.839142
20623.425293	-94.334923
20628.808594	-92.716949
20634.191895	-92.165306
20639.575195	-99.328644
20644.958496	-97.622169
20650.341797	-90.815384
20655.725098	-89.144897
20661.108398	-92.127838
20666.491699	-97.150368
20671.875000	-93.618736
20677.258301	-91.140251
20682.641602	-87.136353
20688.024902	-92.487999
20693.408203	-91.320831
20698.791504	-88.358025
20704.174805	-92.129158
20709.558105	-99.428337
20714.941406	-100.533974
20720.324707	-93.660812
20725.708008	-90.859390
20731.091309	-96.459099
20736.474609	-94.797241
20741.857910	-99.043541
20747.241211	-99.755852
20752.624512	-93.726097
20758.007812	-96.699203
20763.391113	-95.340408
20768.774414	-95.567917
20774.157715	-96.218338
20779.541016	-93.192726
20784.924316	-93.977966
20790.307617	-93.236641
20795.690918	-90.755859
20801.074219	-90.680252
20806.457520	-94.134766
20811.840820	-94.361252
20817.224121	-94.569016
20822.607422	-97.344467
20827.990723	-101.090179
20833.374023	-110.192169
20838.757324	-96.058792
20844.140625	-89.484619
20849.523926	-89.952477
20854.907227	-96.753090
20860.290527	-94.338425
20865.673828	-93.476768
20871.057129	-90.055161
20876.440430	-96.819366
20881.823730	-95.846947
20887.207031	-99.715439
20892.590332	-96.588768
20897.973633	-96.294167
20903.356934	-104.519302
20908.740234	-93.025215
20914.123535	-94.368271
20919.506836	-88.306419
20924.890137	-95.166542
20930.273438	-99.286949
20935.656738	-103.447487
20941.040039	-96.301132
20946.423340	-88.309875
20951.806641	-90.543411
20957.189941	-93.890915
20962.573242	-93.244423
20967.956543	-99.574501
20973.339844	-96.984024
20978.723145	-91.608635
20984.106445	-96.605453
20989.489746	-98.286125
20994.873047	-102.220367
21000.256348	-92.314323
21005.639648	-88.471588
21011.022949	-97.484764
21016.406250	-98.127411
21021.789551	-95.432892
21027.172852	-93.945427
21032.556152	-96.641876
21037.939453	-94.151024
21043.322754	-93.581055
21048.706055	-90.610207
21054.089355	-97.120209
21059.472656	-95.599609
21064.855957	-91.725403
21070.239258	-93.574852
21075.622559	-93.373215
21081.005859	-96.218513
21086.389160	-97.694496
21091.772461	-92.580986
21097.155762	-96.670036
21102.539062	-91.285721
21107.922363	-91.101898
21113.305664	-103.496361
21118.688965	-96.942451
21124.072266	-95.046349
21129.455566	-88.324310
21134.838867	-97.045006
21140.222168	-95.853821
21145.605469	-97.683144
21150.988770	-96.934814
21156.372070	-93.537979
21161.755371	-98.833725
21167.138672	-94.778954
21172.521973	-91.490929
21177.905273	-89.271133
21183.288574	-91.839218
21188.671875	-92.228912
21194.055176	-94.993011
21199.438477	-108.783554
21204.821777	-98.226974
21210.205078	-94.023506
21215.588379	-97.294151
21220.971680	-94.813606
21226.354980	-90.832413
21231.738281	-96.001328
21237.121582	-95.684547
21242.504883	-95.542709
21247.888184	-96.310677
21253.271484	-91.055885
21258.654785	-91.152794
21264.038086	-92.440262
21269.421387	-97.976830
21274.804688	-95.984062
21280.187988	-93.680939
21285.571289	-93.605354
21290.954590	-98.197861
21296.337891	-98.100891
21301.721191	-93.863159
21307.104492	-94.401199
21312.487793	-96.184677
21317.871094	-98.602058
21323.254395	-94.522781
21328.637695	-93.929970
21334.020996	-93.230003
21339.404297	-95.183876
21344.787598	-98.012138
21350.170898	-102.760727
21355.554199	-97.203995
21360.937500	-92.909622
21366.320801	-97.202759
21371.704102	-97.867470
21377.087402	-93.946724
21382.470703	-94.432266
21387.854004	-102.244087
21393.237305	-101.774094
21398.620605	-100.022324
21404.003906	-98.065659
21409.387207	-98.380852
21414.770508	-97.734703
21420.153809	-97.312584
21425.537109	-96.489166
21430.920410	-92.418709
21436.303711	-92.208992
21441.687012	-95.800003
21447.070312	-96.634178
21452.453613	-101.864090
21457.836914	-92.477257
21463.220215	-100.085121
21468.603516	-94.352829
21473.986816	-94.325897
21479.370117	-104.057724
21484.753418	-103.513290
21490.136719	-102.134964
21495.520020	-104.709610
21500.903320	-100.159683
21506.286621	-97.696877
21511.669922	-97.300491
21517.053223	-96.303291
21522.436523	-100.680710
21527.819824	-103.135620
21533.203125	-97.809486
21538.586426	-97.145500
21543.969727	-94.107880
21549.353027	-98.844215
21554.736328	-103.994431
21560.119629	-107.550331
21565.502930	-99.694382
21570.886230	-98.552132
21576.269531	-99.021004
21581.652832	-98.675598
21587.036133	-98.041016
21592.419434	-95.630371
21597.802734	-99.807716
21603.186035	-95.705009
21608.569336	-94.308739
21613.952637	-94.899399
21619.335938	-101.345207
21624.719238	-99.165749
21630.102539	-99.862480
21635.485840	-102.218437
21640.869141	-99.787140
21646.252441	-105.073898
21651.635742	-99.030022
21657.019043	-106.175858
21662.402344	-102.208488
21667.785645	-98.405685
21673.168945	-93.722939
21678.552246	-93.912743
21683.935547	-98.554878
21689.318848	-93.436455
21694.702148	-92.705597
21700.085449	-98.200783
21705.468750	-99.429413
21710.852051	-97.497223
21716.235352	-106.807617
21721.618652	-97.739838
21727.001953	-96.166000
21732.385254	-98.608200
21737.768555	-96.305206
21743.151855	-98.944496
21748.535156	-98.370827
21753.918457	-93.672920
21759.301758	-94.981934
21764.685059	-96.009323
21770.068359	-95.692993
21775.451660	-98.295883
21780.834961	-97.282112
21786.218262	-99.655983
21791.601562	-107.476830
21796.984863	-99.749084
21802.368164	-101.115036
21807.751465	-94.765236
21813.134766	-98.847618
21818.518066	-97.920532
21823.901367	-93.161942
21829.284668	-97.528778
21834.667969	-98.801735
21840.051270	-102.490326
21845.434570	-101.715202
21850.817871	-101.169296
21856.201172	-100.151550
21861.584473	-100.873024
21866.967773	-102.774918
21872.351074	-97.580444
21877.734375	-93.623657
21883.117676	-96.141815
21888.500977	-99.642807
21893.884277	-98.462105
21899.267578	-94.943565
21904.650879	-94.047218
21910.034180	-95.434258
21915.417480	-93.998436
21920.800781	-96.416649
21926.184082	-97.290993
21931.567383	-96.408394
21936.950684	-95.837334
21942.333984	-94.496567
21947.717285	-99.528496
21953.100586	-98.767418
21958.483887	-102.648621
21963.867188	-94.561035
21969.250488	-97.701485
21974.633789	-102.435051
21980.017090	-100.528488
21985.400391	-102.289322
21990.783691	-98.044418
21996.166992	-101.637383
22001.550293	-107.265930
22006.933594	-96.647179
22012.316895	-97.004761
22017.700195	-97.850052
22023.083496	-99.058083
22028.466797	-95.620300
22033.850098	-96.600014
22039.233398	-93.522316
22044.616699	-100.103836
