Frequency (Hz)	Level (dB)
10.766602	-61.338398
21.533203	-49.720104
32.299805	-33.955219
43.066406	-26.197979
53.833008	-22.361965
64.599609	-22.039724
75.366211	-26.635605
86.132812	-32.905308
96.899414	-37.407627
107.666016	-48.072048
118.432617	-38.804466
129.199219	-38.265099
139.965820	-36.020111
150.732422	-39.591129
161.499023	-39.981747
172.265625	-38.458607
183.032227	-39.879425
193.798828	-36.924320
204.565430	-34.982349
215.332031	-38.298500
226.098633	-30.524090
236.865234	-29.097286
247.631836	-29.949802
258.398438	-20.582920
269.165039	-19.754265
279.931641	-23.814793
290.698242	-36.877884
301.464844	-39.473366
312.231445	-41.351677
322.998047	-30.255943
333.764648	-26.961884
344.531250	-28.147598
355.297852	-34.615345
366.064453	-33.402012
376.831055	-36.034634
387.597656	-30.862438
398.364258	-30.609528
409.130859	-32.893208
419.897461	-38.550533
430.664062	-32.644581
441.430664	-29.395895
452.197266	-30.094469
462.963867	-38.914463
473.730469	-43.922928
484.497070	-40.970501
495.263672	-38.911373
506.030273	-45.016304
516.796875	-46.988220
527.563477	-38.999184
538.330078	-30.009308
549.096680	-31.032053
559.863281	-38.248352
570.629883	-27.412800
581.396484	-18.529095
592.163086	-16.032494
602.929688	-19.805788
613.696289	-32.549278
624.462891	-35.297989
635.229492	-41.737316
645.996094	-44.130768
656.762695	-37.705616
667.529297	-37.404263
678.295898	-41.962273
689.062500	-51.488583
699.829102	-41.832500
710.595703	-40.997196
721.362305	-43.101772
732.128906	-39.384087
742.895508	-33.746155
753.662109	-30.418137
764.428711	-30.158735
775.195312	-34.171368
785.961914	-46.788460
796.728516	-48.734531
807.495117	-49.665909
818.261719	-46.154846
829.028320	-42.185852
839.794922	-43.576424
850.561523	-50.125717
861.328125	-53.463326
872.094727	-50.142361
882.861328	-49.750431
893.627930	-55.809513
904.394531	-45.022034
915.161133	-43.753857
925.927734	-36.055904
936.694336	-22.582321
947.460938	-19.527754
958.227539	-25.696381
968.994141	-37.022243
979.760742	-39.084206
990.527344	-47.756748
1001.293945	-42.756435
1012.060547	-39.322773
1022.827148	-39.414398
1033.593750	-39.008575
1044.360352	-37.378937
1055.126953	-48.052185
1065.893555	-41.584991
1076.660156	-36.918633
1087.426758	-32.682434
1098.193359	-29.835587
1108.959961	-32.999439
1119.726562	-35.999378
1130.493164	-39.075562
1141.259766	-48.590355
1152.026367	-46.938538
1162.792969	-46.338341
1173.559570	-50.831333
1184.326172	-63.152466
1195.092773	-48.048454
1205.859375	-48.387249
1216.625977	-43.034054
1227.392578	-38.426498
1238.159180	-36.779514
1248.925781	-36.230209
1259.692383	-34.569614
1270.458984	-35.235958
1281.225586	-37.861835
1291.992188	-37.968983
1302.758789	-35.246536
1313.525391	-35.035427
1324.291992	-38.610672
1335.058594	-48.823864
1345.825195	-40.276745
1356.591797	-40.629883
1367.358398	-43.986668
1378.125000	-52.868252
1388.891602	-52.119118
1399.658203	-50.821304
1410.424805	-49.850376
1421.191406	-36.792091
1431.958008	-35.752270
1442.724609	-42.464264
1453.491211	-49.040936
1464.257812	-36.622101
1475.024414	-35.342907
1485.791016	-45.647644
1496.557617	-40.307934
1507.324219	-35.343830
1518.090820	-33.935909
1528.857422	-36.224133
1539.624023	-36.416050
1550.390625	-33.632484
1561.157227	-37.174145
1571.923828	-38.744316
1582.690430	-38.884056
1593.457031	-31.898613
1604.223633	-30.531284
1614.990234	-33.627621
1625.756836	-38.270432
1636.523438	-40.590382
1647.290039	-38.557297
1658.056641	-38.644577
1668.823242	-41.216278
1679.589844	-34.527245
1690.356445	-38.391006
1701.123047	-45.472149
1711.889648	-42.888092
1722.656250	-35.057613
1733.422852	-34.154213
1744.189453	-38.989079
1754.956055	-44.138306
1765.722656	-36.376019
1776.489258	-33.598656
1787.255859	-40.539059
1798.022461	-48.461666
1808.789062	-39.967945
1819.555664	-36.037769
1830.322266	-36.670002
1841.088867	-38.464275
1851.855469	-41.512222
1862.622070	-49.042427
1873.388672	-40.240498
1884.155273	-31.221354
1894.921875	-26.166943
1905.688477	-28.477915
1916.455078	-40.915550
1927.221680	-36.110592
1937.988281	-34.588154
1948.754883	-37.219078
1959.521484	-32.683784
1970.288086	-28.874344
1981.054688	-30.950951
1991.821289	-30.686161
2002.587891	-28.061758
2013.354492	-33.130619
2024.121094	-45.862766
2034.887695	-31.842171
2045.654297	-31.266951
2056.420898	-37.051342
2067.187500	-41.099800
2077.954102	-35.460300
2088.720703	-33.899117
2099.487305	-35.965996
2110.253906	-35.665119
2121.020508	-35.128197
2131.787109	-34.607574
2142.553711	-33.672314
2153.320312	-34.863869
2164.086914	-33.323280
2174.853516	-30.296152
2185.620117	-30.439871
2196.386719	-32.736897
2207.153320	-33.255508
2217.919922	-35.687355
2228.686523	-38.093082
2239.453125	-36.614452
2250.219727	-42.731827
2260.986328	-44.902344
2271.752930	-36.771378
2282.519531	-34.771679
2293.286133	-39.885895
2304.052734	-37.813850
2314.819336	-37.544762
2325.585938	-41.927887
2336.352539	-37.893307
2347.119141	-34.804462
2357.885742	-37.022648
2368.652344	-38.263351
2379.418945	-33.899132
2390.185547	-34.832043
2400.952148	-38.182571
2411.718750	-35.537342
2422.485352	-32.756481
2433.251953	-34.237556
2444.018555	-37.496246
2454.785156	-36.111710
2465.551758	-35.492359
2476.318359	-38.554108
2487.084961	-46.361679
2497.851562	-51.133724
2508.618164	-47.229218
2519.384766	-39.621540
2530.151367	-38.312790
2540.917969	-37.567127
2551.684570	-37.746441
2562.451172	-40.793915
2573.217773	-44.158592
2583.984375	-38.874317
2594.750977	-36.414375
2605.517578	-36.984936
2616.284180	-36.491955
2627.050781	-37.414932
2637.817383	-45.028522
2648.583984	-38.279251
2659.350586	-36.696186
2670.117188	-33.583668
2680.883789	-31.679205
2691.650391	-31.900145
2702.416992	-32.925182
2713.183594	-33.102207
2723.950195	-37.609692
2734.716797	-42.576599
2745.483398	-38.107304
2756.250000	-44.755146
2767.016602	-46.241768
2777.783203	-39.146744
2788.549805	-37.581158
2799.316406	-45.474438
2810.083008	-39.575993
2820.849609	-35.512917
2831.616211	-37.617100
2842.382812	-40.482658
2853.149414	-37.109657
2863.916016	-34.267044
2874.682617	-32.130768
2885.449219	-30.975481
2896.215820	-32.284248
2906.982422	-33.716934
2917.749023	-33.430851
2928.515625	-36.314468
2939.282227	-40.284637
2950.048828	-40.481022
2960.815430	-35.292549
2971.582031	-41.380184
2982.348633	-41.497620
2993.115234	-34.290977
3003.881836	-35.122658
3014.648438	-39.982571
3025.415039	-41.644718
3036.181641	-36.032768
3046.948242	-42.950783
3057.714844	-43.901020
3068.481445	-50.239883
3079.248047	-40.654213
3090.014648	-34.290321
3100.781250	-34.381020
3111.547852	-40.246075
3122.314453	-38.444260
3133.081055	-41.427898
3143.847656	-30.454546
3154.614258	-28.320663
3165.380859	-32.883675
3176.147461	-41.612598
3186.914062	-36.076729
3197.680664	-33.345158
3208.447266	-34.394569
3219.213867	-38.441837
3229.980469	-44.605915
3240.747070	-35.123009
3251.513672	-32.529465
3262.280273	-32.412762
3273.046875	-39.435417
3283.813477	-44.088379
3294.580078	-43.497566
3305.346680	-34.802399
3316.113281	-37.015442
3326.879883	-44.447346
3337.646484	-36.932579
3348.413086	-35.107147
3359.179688	-35.889484
3369.946289	-37.911724
3380.712891	-40.466606
3391.479492	-45.702332
3402.246094	-44.121090
3413.012695	-44.660568
3423.779297	-35.777298
3434.545898	-42.957916
3445.312500	-43.724419
3456.079102	-36.811836
3466.845703	-37.555508
3477.612305	-46.528671
3488.378906	-38.099873
3499.145508	-37.764477
3509.912109	-42.720406
3520.678711	-53.462135
3531.445312	-65.244057
3542.211914	-41.773258
3552.978516	-37.540924
3563.745117	-42.981789
3574.511719	-45.701328
3585.278320	-48.339939
3596.044922	-35.908974
3606.811523	-33.309059
3617.578125	-35.288952
3628.344727	-30.478580
3639.111328	-31.463291
3649.877930	-34.961857
3660.644531	-32.836395
3671.411133	-37.560223
3682.177734	-40.571308
3692.944336	-54.395706
3703.710938	-41.139549
3714.477539	-45.967602
3725.244141	-34.396523
3736.010742	-29.020704
3746.777344	-29.290091
3757.543945	-33.833813
3768.310547	-41.297829
3779.077148	-42.666065
3789.843750	-42.897278
3800.610352	-50.019554
3811.376953	-42.243732
3822.143555	-35.702599
3832.910156	-32.833858
3843.676758	-32.577675
3854.443359	-34.536480
3865.209961	-41.109764
3875.976562	-47.055096
3886.743164	-43.357952
3897.509766	-45.228046
3908.276367	-38.098042
3919.042969	-33.537308
3929.809570	-33.625942
3940.576172	-36.842228
3951.342773	-42.101460
3962.109375	-33.670231
3972.875977	-33.181732
3983.642578	-37.056095
3994.409180	-42.537895
4005.175781	-47.440746
4015.942383	-47.942764
4026.708984	-44.048817
4037.475586	-45.609882
4048.242188	-38.818840
4059.008789	-37.188061
4069.775391	-39.853870
4080.541992	-36.708992
4091.308594	-32.789082
4102.075195	-31.035389
4112.841797	-33.729198
4123.608398	-43.154724
4134.375000	-48.086811
4145.141602	-38.338623
4155.908203	-35.820232
4166.674805	-34.390720
4177.441406	-37.619301
4188.208008	-33.556549
4198.974609	-29.450518
4209.741211	-33.016773
4220.507812	-50.136852
4231.274414	-41.261787
4242.041016	-35.949982
4252.807617	-31.594679
4263.574219	-34.181114
4274.340820	-35.281216
4285.107422	-43.613159
4295.874023	-44.030022
4306.640625	-45.536011
4317.407227	-42.755672
4328.173828	-37.679901
4338.940430	-35.189339
4349.707031	-37.314255
4360.473633	-40.264343
4371.240234	-38.939632
4382.006836	-41.835773
4392.773438	-36.728325
4403.540039	-37.997353
4414.306641	-56.146206
4425.073242	-42.779728
4435.839844	-38.369446
4446.606445	-32.880222
4457.373047	-34.330956
4468.139648	-39.646107
4478.906250	-60.738682
4489.672852	-39.994484
4500.439453	-36.143242
4511.206055	-36.010239
4521.972656	-33.887436
4532.739258	-30.997511
4543.505859	-30.459578
4554.272461	-33.584335
4565.039062	-36.799168
4575.805664	-37.543274
4586.572266	-33.944412
4597.338867	-32.463062
4608.105469	-34.013138
4618.872070	-29.737965
4629.638672	-28.223766
4640.405273	-32.716652
4651.171875	-37.119377
4661.938477	-35.103794
4672.705078	-35.655823
4683.471680	-36.716034
4694.238281	-36.241295
4705.004883	-31.433332
4715.771484	-32.023388
4726.538086	-38.661526
4737.304688	-37.171780
4748.071289	-38.633984
4758.837891	-39.497879
4769.604492	-40.677135
4780.371094	-37.728596
4791.137695	-35.754116
4801.904297	-36.797016
4812.670898	-40.299294
4823.437500	-35.416977
4834.204102	-31.937029
4844.970703	-30.249910
4855.737305	-34.187798
4866.503906	-45.901226
4877.270508	-35.286312
4888.037109	-34.794430
4898.803711	-41.349812
4909.570312	-30.956659
4920.336914	-28.715582
4931.103516	-31.577263
4941.870117	-40.103882
4952.636719	-43.848644
4963.403320	-47.501823
4974.169922	-43.330296
4984.936523	-37.506966
4995.703125	-37.774864
5006.469727	-42.292675
5017.236328	-34.652245
5028.002930	-31.148886
5038.769531	-32.938950
5049.536133	-42.099579
5060.302734	-36.383152
5071.069336	-33.322762
5081.835938	-32.959381
5092.602539	-36.854027
5103.369141	-40.105778
5114.135742	-30.458920
5124.902344	-27.694942
5135.668945	-29.778542
5146.435547	-34.376205
5157.202148	-39.644814
5167.968750	-47.622982
5178.735352	-46.946545
5189.501953	-40.506649
5200.268555	-31.949514
5211.035156	-28.625431
5221.801758	-31.352434
5232.568359	-37.708038
5243.334961	-38.010258
5254.101562	-32.719032
5264.868164	-29.534273
5275.634766	-30.532303
5286.401367	-35.051079
5297.167969	-39.359760
5307.934570	-38.001839
5318.701172	-36.773521
5329.467773	-49.664543
5340.234375	-37.021553
5351.000977	-35.094490
5361.767578	-39.789486
5372.534180	-42.568081
5383.300781	-38.215969
5394.067383	-38.861546
5404.833984	-36.793507
5415.600586	-37.538975
5426.367188	-41.329140
5437.133789	-38.021130
5447.900391	-33.616776
5458.666992	-32.711376
5469.433594	-35.871761
5480.200195	-39.407642
5490.966797	-38.556416
5501.733398	-35.012310
5512.500000	-35.360191
5523.266602	-37.870667
5534.033203	-34.365677
5544.799805	-32.640781
5555.566406	-30.213783
5566.333008	-29.522295
5577.099609	-36.117817
5587.866211	-43.668934
5598.632812	-35.897263
5609.399414	-36.783989
5620.166016	-40.141098
5630.932617	-36.738976
5641.699219	-43.031052
5652.465820	-51.435413
5663.232422	-44.936607
5673.999023	-40.156673
5684.765625	-34.552174
5695.532227	-30.817263
5706.298828	-31.720982
5717.065430	-29.422890
5727.832031	-31.601418
5738.598633	-39.205070
5749.365234	-40.451965
5760.131836	-48.442623
5770.898438	-42.553062
5781.665039	-35.716530
5792.431641	-34.775471
5803.198242	-34.365421
5813.964844	-37.055870
5824.731445	-45.820324
5835.498047	-59.772312
5846.264648	-42.775406
5857.031250	-39.156883
5867.797852	-44.784546
5878.564453	-46.238750
5889.331055	-38.757072
5900.097656	-38.042755
5910.864258	-40.851433
5921.630859	-51.897308
5932.397461	-50.637020
5943.164062	-44.479431
5953.930664	-38.516121
5964.697266	-38.324772
5975.463867	-45.905598
5986.230469	-54.503670
5996.997070	-42.424149
6007.763672	-39.339905
6018.530273	-42.908749
6029.296875	-49.663738
6040.063477	-45.193943
6050.830078	-41.337746
6061.596680	-38.755276
6072.363281	-38.611469
6083.129883	-43.181889
6093.896484	-44.764992
6104.663086	-39.943787
6115.429688	-34.921726
6126.196289	-37.519039
6136.962891	-45.564068
6147.729492	-42.852009
6158.496094	-40.511765
6169.262695	-39.489735
6180.029297	-36.423508
6190.795898	-36.127747
6201.562500	-40.038246
6212.329102	-39.809284
6223.095703	-39.348454
6233.862305	-37.809181
6244.628906	-40.946033
6255.395508	-46.828590
6266.162109	-38.964005
6276.928711	-39.680481
6287.695312	-41.580379
6298.461914	-42.067791
6309.228516	-44.862495
6319.995117	-47.065754
6330.761719	-39.667751
6341.528320	-36.610584
6352.294922	-38.861088
6363.061523	-40.511177
6373.828125	-37.279385
6384.594727	-36.024639
6395.361328	-40.583950
6406.127930	-41.249832
6416.894531	-41.233036
6427.661133	-40.661861
6438.427734	-40.440571
6449.194336	-38.197826
6459.960938	-37.462765
6470.727539	-43.108608
6481.494141	-46.057758
6492.260742	-41.286663
6503.027344	-52.273865
6513.793945	-47.837643
6524.560547	-45.274841
6535.327148	-41.411823
6546.093750	-39.662731
6556.860352	-45.641502
6567.626953	-48.477654
6578.393555	-38.710857
6589.160156	-35.831795
6599.926758	-37.049465
6610.693359	-39.617489
6621.459961	-39.098454
6632.226562	-40.276569
6642.993164	-46.399261
6653.759766	-51.675293
6664.526367	-44.241329
6675.292969	-45.000439
6686.059570	-39.021023
6696.826172	-38.102257
6707.592773	-38.915661
6718.359375	-43.002293
6729.125977	-54.973618
6739.892578	-54.020500
6750.659180	-42.796490
6761.425781	-38.729290
6772.192383	-42.449490
6782.958984	-43.265480
6793.725586	-35.392086
6804.492188	-31.363686
6815.258789	-31.763521
6826.025391	-35.021641
6836.791992	-39.929031
6847.558594	-43.468212
6858.325195	-43.861507
6869.091797	-41.813080
6879.858398	-38.542572
6890.625000	-38.821178
6901.391602	-43.499329
6912.158203	-48.514977
6922.924805	-54.284184
6933.691406	-62.555756
6944.458008	-56.042751
6955.224609	-49.235912
6965.991211	-44.930496
6976.757812	-40.642612
6987.524414	-44.364178
6998.291016	-39.727131
7009.057617	-37.884136
7019.824219	-39.760078
7030.590820	-47.035633
7041.357422	-52.962051
7052.124023	-63.861229
7062.890625	-51.951424
7073.657227	-43.170681
7084.423828	-40.039986
7095.190430	-45.606171
7105.957031	-62.594284
7116.723633	-67.495392
7127.490234	-58.126961
7138.256836	-44.729420
7149.023438	-42.254929
7159.790039	-45.249332
7170.556641	-42.597317
7181.323242	-37.390667
7192.089844	-41.015903
7202.856445	-51.418404
7213.623047	-39.564297
7224.389648	-38.207661
7235.156250	-42.086857
7245.922852	-40.987282
7256.689453	-41.547333
7267.456055	-48.521725
7278.222656	-45.562538
7288.989258	-43.555523
7299.755859	-43.474621
7310.522461	-46.103249
7321.289062	-50.861061
7332.055664	-53.822186
7342.822266	-44.606968
7353.588867	-42.505177
7364.355469	-46.687927
7375.122070	-52.057404
7385.888672	-46.691120
7396.655273	-43.357983
7407.421875	-50.132252
7418.188477	-41.139347
7428.955078	-41.492767
7439.721680	-49.709263
7450.488281	-46.715034
7461.254883	-43.948578
7472.021484	-42.678509
7482.788086	-42.178513
7493.554688	-44.645390
7504.321289	-41.684555
7515.087891	-35.621319
7525.854492	-36.328911
7536.621094	-38.703918
7547.387695	-38.615280
7558.154297	-40.149612
7568.920898	-45.126492
7579.687500	-42.143009
7590.454102	-38.488743
7601.220703	-37.134689
7611.987305	-35.029713
7622.753906	-33.510136
7633.520508	-33.010448
7644.287109	-34.645130
7655.053711	-38.428116
7665.820312	-43.650566
7676.586914	-45.879349
7687.353516	-41.290691
7698.120117	-38.020538
7708.886719	-36.893272
7719.653320	-40.650181
7730.419922	-46.668194
7741.186523	-41.849575
7751.953125	-41.395756
7762.719727	-36.942432
7773.486328	-33.593552
7784.252930	-36.485092
7795.019531	-48.355537
7805.786133	-37.959206
7816.552734	-34.511402
7827.319336	-38.163696
7838.085938	-40.518238
7848.852539	-38.684235
7859.619141	-40.722435
7870.385742	-47.076504
7881.152344	-49.407127
7891.918945	-53.123661
7902.685547	-49.824543
7913.452148	-45.697453
7924.218750	-43.148418
7934.985352	-43.581303
7945.751953	-54.134247
7956.518555	-44.176521
7967.285156	-46.865639
7978.051758	-61.187588
7988.818359	-47.165379
7999.584961	-41.045475
8010.351562	-45.218800
8021.118164	-65.269852
8031.884766	-52.932003
8042.651367	-49.248119
8053.417969	-49.562103
8064.184570	-50.858330
8074.951172	-48.089096
8085.717773	-49.700008
8096.484375	-50.817928
8107.250977	-52.828556
8118.017578	-45.001259
8128.784180	-39.739822
8139.550781	-39.879421
8150.317383	-46.317120
8161.083984	-47.890671
8171.850586	-49.221504
8182.617188	-44.570801
8193.383789	-41.283878
8204.150391	-41.065247
8214.916992	-40.171940
8225.683594	-39.721306
8236.450195	-41.172009
8247.216797	-47.832359
8257.983398	-51.161045
8268.750000	-40.610355
8279.516602	-36.293026
8290.283203	-38.455772
8301.049805	-42.507183
8311.816406	-49.355103
8322.583008	-45.398865
8333.349609	-43.943123
8344.116211	-45.461498
8354.882812	-42.731915
8365.649414	-43.609375
8376.416016	-44.043449
8387.182617	-43.965332
8397.949219	-51.580853
8408.715820	-53.298164
8419.482422	-47.440159
8430.249023	-43.355335
8441.015625	-43.335045
8451.782227	-49.509830
8462.548828	-48.387421
8473.315430	-41.667480
8484.082031	-45.522320
8494.848633	-57.708099
8505.615234	-63.350822
8516.381836	-45.665085
8527.148438	-44.832176
8537.915039	-48.019825
8548.681641	-59.501606
8559.448242	-47.935551
8570.214844	-46.449039
8580.981445	-46.833672
8591.748047	-43.139229
8602.514648	-39.827789
8613.281250	-35.592434
8624.047852	-32.798870
8634.814453	-33.790157
8645.581055	-37.634243
8656.347656	-42.309189
8667.114258	-46.059341
8677.880859	-48.318085
8688.647461	-47.843403
8699.414062	-48.345806
8710.180664	-42.571396
8720.947266	-42.845970
8731.713867	-45.807644
8742.480469	-50.972454
8753.247070	-58.479702
8764.013672	-56.057617
8774.780273	-51.078644
8785.546875	-48.437447
8796.313477	-40.623348
8807.080078	-37.076416
8817.846680	-38.332691
8828.613281	-42.470322
8839.379883	-44.232948
8850.146484	-50.394341
8860.913086	-49.494900
8871.679688	-42.762524
8882.446289	-43.263130
8893.212891	-47.939857
8903.979492	-42.938332
8914.746094	-43.301468
8925.512695	-46.158543
8936.279297	-47.630890
8947.045898	-50.140224
8957.812500	-46.800957
8968.579102	-51.263409
8979.345703	-40.364845
8990.112305	-37.962109
9000.878906	-40.448162
9011.645508	-43.740135
9022.412109	-45.693100
9033.178711	-46.596939
9043.945312	-42.669437
9054.711914	-39.667213
9065.478516	-40.622913
9076.245117	-43.405643
9087.011719	-52.499397
9097.778320	-52.325275
9108.544922	-56.198364
9119.311523	-58.571152
9130.078125	-52.758980
9140.844727	-56.107113
9151.611328	-60.892166
9162.377930	-64.803513
9173.144531	-57.797295
9183.911133	-55.384136
9194.677734	-51.932755
9205.444336	-49.198917
9216.210938	-48.997803
9226.977539	-47.792591
9237.744141	-52.244884
9248.510742	-55.570938
9259.277344	-47.527065
9270.043945	-47.192596
9280.810547	-46.695732
9291.577148	-47.163975
9302.343750	-56.160427
9313.110352	-56.025196
9323.876953	-59.038101
9334.643555	-56.528046
9345.410156	-51.461811
9356.176758	-61.561916
9366.943359	-59.422901
9377.709961	-60.812012
9388.476562	-50.778557
9399.243164	-48.893990
9410.009766	-57.396091
9420.776367	-71.432648
9431.542969	-62.182381
9442.309570	-58.278645
9453.076172	-59.193733
9463.842773	-55.717648
9474.609375	-63.267666
9485.375977	-56.832481
9496.142578	-51.884064
9506.909180	-54.006184
9517.675781	-54.656624
9528.442383	-49.932838
9539.208984	-49.999367
9549.975586	-50.579353
9560.742188	-46.387104
9571.508789	-47.141556
9582.275391	-50.129490
9593.041992	-53.058315
9603.808594	-56.544094
9614.575195	-49.766197
9625.341797	-46.536541
9636.108398	-50.861767
9646.875000	-61.829170
9657.641602	-52.995502
9668.408203	-51.879398
9679.174805	-50.336773
9689.941406	-44.072933
9700.708008	-41.670376
9711.474609	-45.249157
9722.241211	-57.180138
9733.007812	-56.277798
9743.774414	-51.348511
9754.541016	-50.342575
9765.307617	-47.973473
9776.074219	-52.660862
9786.840820	-55.086582
9797.607422	-51.134541
9808.374023	-62.667114
9819.140625	-51.867172
9829.907227	-44.871311
9840.673828	-42.027054
9851.440430	-43.652458
9862.207031	-49.355907
9872.973633	-53.002140
9883.740234	-52.570858
9894.506836	-52.445732
9905.273438	-55.612938
9916.040039	-65.782417
9926.806641	-58.494564
9937.573242	-55.635578
9948.339844	-51.323437
9959.106445	-47.138565
9969.873047	-45.437290
9980.639648	-46.866497
9991.406250	-48.712097
10002.172852	-67.310143
10012.939453	-49.172493
10023.706055	-50.226128
10034.472656	-53.808437
10045.239258	-67.075500
10056.005859	-64.090492
10066.772461	-58.965763
10077.539062	-58.089790
10088.305664	-58.199200
10099.072266	-54.711876
10109.838867	-50.218155
10120.605469	-48.362362
10131.372070	-49.518566
10142.138672	-48.405346
10152.905273	-51.204281
10163.671875	-62.731178
10174.438477	-57.516495
10185.205078	-56.622681
10195.971680	-57.569042
10206.738281	-62.975647
10217.504883	-61.432537
10228.271484	-55.309708
10239.038086	-53.817837
10249.804688	-62.244720
10260.571289	-58.615566
10271.337891	-57.929165
10282.104492	-57.534840
10292.871094	-52.635948
10303.637695	-51.688301
10314.404297	-56.673237
10325.170898	-64.885918
10335.937500	-59.606945
10346.704102	-67.201363
10357.470703	-55.827808
10368.237305	-51.782200
10379.003906	-48.652420
10389.770508	-48.585320
10400.537109	-50.247173
10411.303711	-51.599148
10422.070312	-52.204441
10432.836914	-51.717552
10443.603516	-55.617775
10454.370117	-57.991028
10465.136719	-48.519852
10475.903320	-45.113201
10486.669922	-48.012707
10497.436523	-51.927322
10508.203125	-53.826199
10518.969727	-54.440895
10529.736328	-48.960587
10540.502930	-48.192654
10551.269531	-50.523586
10562.036133	-51.787727
10572.802734	-51.602859
10583.569336	-52.527695
10594.335938	-50.940250
10605.102539	-51.367367
10615.869141	-53.332493
10626.635742	-52.912895
10637.402344	-59.880344
10648.168945	-53.697773
10658.935547	-51.590248
10669.702148	-53.024540
10680.468750	-52.563663
10691.235352	-51.216572
10702.001953	-49.938816
10712.768555	-51.083218
10723.535156	-55.353600
10734.301758	-62.450321
10745.068359	-53.518024
10755.834961	-47.599590
10766.601562	-46.830593
10777.368164	-50.136070
10788.134766	-52.486469
10798.901367	-50.051502
10809.667969	-53.593346
10820.434570	-63.904137
10831.201172	-53.561615
10841.967773	-52.445210
10852.734375	-66.096085
10863.500977	-53.350548
10874.267578	-52.192116
10885.034180	-58.227734
10895.800781	-64.981140
10906.567383	-58.473080
10917.333984	-57.031384
10928.100586	-52.441422
10938.867188	-49.638451
10949.633789	-50.321728
10960.400391	-47.649525
10971.166992	-49.519100
10981.933594	-53.587669
10992.700195	-57.506824
11003.466797	-57.770206
11014.233398	-55.339931
11025.000000	-51.888306
11035.766602	-51.488476
11046.533203	-56.708595
11057.299805	-61.141209
11068.066406	-64.735962
11078.833008	-65.421722
11089.599609	-56.939659
11100.366211	-50.093945
11111.132812	-48.053665
11121.899414	-50.039696
11132.666016	-56.849846
11143.432617	-63.331303
11154.199219	-56.974972
11164.965820	-64.475426
11175.732422	-62.266731
11186.499023	-59.604622
11197.265625	-63.074131
11208.032227	-55.716152
11218.798828	-56.349972
11229.565430	-54.427734
11240.332031	-53.405735
11251.098633	-56.066490
11261.865234	-58.784618
11272.631836	-60.267998
11283.398438	-51.915310
11294.165039	-49.194489
11304.931641	-50.730434
11315.698242	-53.127586
11326.464844	-51.815704
11337.231445	-53.736916
11347.998047	-87.528931
11358.764648	-54.217625
11369.531250	-51.074612
11380.297852	-51.098366
11391.064453	-51.971214
11401.831055	-53.299488
11412.597656	-53.269855
11423.364258	-53.259724
11434.130859	-55.485527
11444.897461	-56.194679
11455.664062	-55.271862
11466.430664	-56.677734
11477.197266	-56.289471
11487.963867	-58.142742
11498.730469	-64.098381
11509.497070	-54.663342
11520.263672	-50.839695
11531.030273	-50.613056
11541.796875	-51.610065
11552.563477	-51.192902
11563.330078	-49.173653
11574.096680	-51.629547
11584.863281	-68.540443
11595.629883	-57.077663
11606.396484	-55.899639
11617.163086	-56.125565
11627.929688	-55.016251
11638.696289	-52.004345
11649.462891	-51.229755
11660.229492	-55.186237
11670.996094	-65.945953
11681.762695	-66.944687
11692.529297	-58.798134
11703.295898	-58.557014
11714.062500	-56.632027
11724.829102	-54.109573
11735.595703	-59.338947
11746.362305	-57.368629
11757.128906	-55.641335
11767.895508	-60.755627
11778.662109	-77.945160
11789.428711	-64.248070
11800.195312	-62.514065
11810.961914	-66.800270
11821.728516	-59.791725
11832.495117	-55.517380
11843.261719	-53.420876
11854.028320	-52.415359
11864.794922	-51.027252
11875.561523	-51.037086
11886.328125	-53.369198
11897.094727	-56.006153
11907.861328	-52.547039
11918.627930	-55.893375
11929.394531	-62.103626
11940.161133	-56.117153
11950.927734	-56.334076
11961.694336	-56.366100
11972.460938	-58.547356
11983.227539	-69.362793
11993.994141	-65.219345
12004.760742	-66.936279
12015.527344	-64.512733
12026.293945	-54.612545
12037.060547	-52.182613
12047.827148	-52.397934
12058.593750	-53.371754
12069.360352	-52.952236
12080.126953	-57.563400
12090.893555	-63.097740
12101.660156	-55.147747
12112.426758	-54.059353
12123.193359	-57.266354
12133.959961	-63.088966
12144.726562	-71.007584
12155.493164	-59.228664
12166.259766	-58.650658
12177.026367	-59.623039
12187.792969	-63.653160
12198.559570	-73.390434
12209.326172	-63.882385
12220.092773	-58.385105
12230.859375	-57.177296
12241.625977	-57.870770
12252.392578	-60.914799
12263.159180	-60.872498
12273.925781	-61.068874
12284.692383	-60.815258
12295.458984	-61.704342
12306.225586	-58.810181
12316.992188	-58.341255
12327.758789	-61.170063
12338.525391	-60.670105
12349.291992	-61.030807
12360.058594	-58.382275
12370.825195	-55.954079
12381.591797	-57.458843
12392.358398	-62.145794
12403.125000	-69.158775
12413.891602	-60.061935
12424.658203	-53.371933
12435.424805	-55.137955
12446.191406	-61.145756
12456.958008	-63.357944
12467.724609	-66.747330
12478.491211	-63.529099
12489.257812	-63.135231
12500.024414	-64.011230
12510.791016	-59.569878
12521.557617	-54.477776
12532.324219	-53.783985
12543.090820	-56.065269
12553.857422	-58.520901
12564.624023	-63.063526
12575.390625	-61.244671
12586.157227	-59.633411
12596.923828	-65.475197
12607.690430	-70.273537
12618.457031	-61.209373
12629.223633	-62.963501
12639.990234	-67.563789
12650.756836	-71.225853
12661.523438	-61.986244
12672.290039	-58.818176
12683.056641	-64.027496
12693.823242	-61.737984
12704.589844	-55.353508
12715.356445	-60.207710
12726.123047	-74.563751
12736.889648	-75.504547
12747.656250	-69.634834
12758.422852	-62.203873
12769.189453	-60.868824
12779.956055	-58.631226
12790.722656	-70.381500
12801.489258	-56.218254
12812.255859	-54.290310
12823.022461	-56.951363
12833.789062	-62.181595
12844.555664	-68.598442
12855.322266	-64.249763
12866.088867	-62.133137
12876.855469	-67.687943
12887.622070	-62.458473
12898.388672	-56.889221
12909.155273	-62.624039
12919.921875	-83.745255
12930.688477	-75.260002
12941.455078	-67.063148
12952.221680	-68.473114
12962.988281	-68.034721
12973.754883	-63.081287
12984.521484	-59.579048
12995.288086	-58.496044
13006.054688	-59.549404
13016.821289	-57.589611
13027.587891	-55.358601
13038.354492	-57.013630
13049.121094	-63.668152
13059.887695	-91.185188
13070.654297	-62.159176
13081.420898	-57.136456
13092.187500	-59.583935
13102.954102	-62.314476
13113.720703	-59.377842
13124.487305	-61.035431
13135.253906	-56.019661
13146.020508	-56.598568
13156.787109	-61.266235
13167.553711	-67.244781
13178.320312	-67.930969
13189.086914	-63.945976
13199.853516	-70.246017
13210.620117	-69.995132
13221.386719	-65.251930
13232.153320	-59.891350
13242.919922	-61.343136
13253.686523	-61.248032
13264.453125	-60.760746
13275.219727	-70.023712
13285.986328	-66.703766
13296.752930	-66.144165
13307.519531	-72.136452
13318.286133	-72.099884
13329.052734	-67.746437
13339.819336	-60.662132
13350.585938	-55.639534
13361.352539	-58.466911
13372.119141	-66.629776
13382.885742	-59.251915
13393.652344	-59.483471
13404.418945	-63.897884
13415.185547	-65.499458
13425.952148	-61.586555
13436.718750	-60.853657
13447.485352	-58.892590
13458.251953	-56.744644
13469.018555	-57.841892
13479.785156	-58.864815
13490.551758	-58.354881
13501.318359	-60.502892
13512.084961	-60.009747
13522.851562	-59.036354
13533.618164	-67.999031
13544.384766	-64.125542
13555.151367	-58.696129
13565.917969	-60.258160
13576.684570	-60.208611
13587.451172	-55.549652
13598.217773	-53.573170
13608.984375	-56.219940
13619.750977	-64.967773
13630.517578	-66.359787
13641.284180	-72.925400
13652.050781	-70.449081
13662.817383	-62.214016
13673.583984	-56.188713
13684.350586	-55.205860
13695.117188	-58.132523
13705.883789	-64.317749
13716.650391	-66.025505
13727.416992	-66.775116
13738.183594	-75.369194
13748.950195	-69.287262
13759.716797	-71.637726
13770.483398	-72.226837
13781.250000	-64.156303
13792.016602	-60.677414
13802.783203	-62.759541
13813.549805	-70.545158
13824.316406	-62.877316
13835.083008	-60.202637
13845.849609	-58.277382
13856.616211	-57.367516
13867.382812	-56.801346
13878.149414	-60.115746
13888.916016	-62.965466
13899.682617	-60.592487
13910.449219	-63.242275
13921.215820	-60.435101
13931.982422	-62.559433
13942.749023	-57.668285
13953.515625	-57.662651
13964.282227	-60.664925
13975.048828	-65.510956
13985.815430	-66.629578
13996.582031	-66.196892
14007.348633	-60.744774
14018.115234	-59.375072
14028.881836	-60.672863
14039.648438	-59.517914
14050.415039	-59.469254
14061.181641	-63.046795
14071.948242	-75.650665
14082.714844	-69.723999
14093.481445	-65.867523
14104.248047	-62.145580
14115.014648	-62.098278
14125.781250	-70.122902
14136.547852	-66.624565
14147.314453	-63.106422
14158.081055	-64.732864
14168.847656	-70.906906
14179.614258	-64.790451
14190.380859	-68.783028
14201.147461	-71.499855
14211.914062	-62.958527
14222.680664	-64.256721
14233.447266	-69.657860
14244.213867	-69.189659
14254.980469	-68.310219
14265.747070	-67.466850
14276.513672	-62.890339
14287.280273	-60.217155
14298.046875	-61.277431
14308.813477	-61.670582
14319.580078	-60.737423
14330.346680	-65.613518
14341.113281	-76.933647
14351.879883	-77.029678
14362.646484	-77.599648
14373.413086	-64.817917
14384.179688	-61.478210
14394.946289	-61.361111
14405.712891	-62.657646
14416.479492	-65.319321
14427.246094	-71.464577
14438.012695	-72.017570
14448.779297	-74.669876
14459.545898	-65.009071
14470.312500	-62.472870
14481.079102	-64.299789
14491.845703	-73.493973
14502.612305	-81.962128
14513.378906	-72.591354
14524.145508	-65.631538
14534.912109	-64.210381
14545.678711	-62.410847
14556.445312	-62.569729
14567.211914	-63.844116
14577.978516	-64.444290
14588.745117	-64.814079
14599.511719	-64.373718
14610.278320	-62.741436
14621.044922	-62.925880
14631.811523	-65.507835
14642.578125	-72.358879
14653.344727	-75.275307
14664.111328	-71.996353
14674.877930	-77.681198
14685.644531	-73.001488
14696.411133	-64.641357
14707.177734	-65.360718
14717.944336	-75.894333
14728.710938	-72.831322
14739.477539	-72.450333
14750.244141	-69.972694
14761.010742	-86.283119
14771.777344	-70.119766
14782.543945	-68.794502
14793.310547	-63.484486
14804.077148	-67.158173
14814.843750	-74.185394
14825.610352	-63.700890
14836.376953	-60.840405
14847.143555	-62.744053
14857.910156	-64.967705
14868.676758	-67.463242
14879.443359	-77.286346
14890.209961	-82.657791
14900.976562	-68.239937
14911.743164	-63.634960
14922.509766	-64.461998
14933.276367	-66.971420
14944.042969	-69.108826
14954.809570	-64.769676
14965.576172	-62.701462
14976.342773	-63.422939
14987.109375	-69.222588
14997.875977	-79.869766
15008.642578	-74.941277
15019.409180	-69.779663
15030.175781	-64.597893
15040.942383	-67.221222
15051.708984	-81.966431
15062.475586	-74.043968
15073.242188	-69.013016
15084.008789	-66.432793
15094.775391	-72.969948
15105.541992	-89.987610
15116.308594	-69.488846
15127.075195	-63.340702
15137.841797	-62.121353
15148.608398	-65.085442
15159.375000	-71.618477
15170.141602	-72.373154
15180.908203	-64.024994
15191.674805	-63.391491
15202.441406	-67.038750
15213.208008	-78.970909
15223.974609	-69.016823
15234.741211	-66.140594
15245.507812	-69.811363
15256.274414	-71.247345
15267.041016	-67.207130
15277.807617	-67.826591
15288.574219	-69.683502
15299.340820	-67.454933
15310.107422	-66.726479
15320.874023	-68.380371
15331.640625	-69.546272
15342.407227	-67.253265
15353.173828	-63.999405
15363.940430	-63.576893
15374.707031	-67.124016
15385.473633	-75.558533
15396.240234	-72.550278
15407.006836	-67.205566
15417.773438	-64.151871
15428.540039	-64.928650
15439.306641	-73.462486
15450.073242	-74.032280
15460.839844	-66.704620
15471.606445	-65.256943
15482.373047	-68.056351
15493.139648	-71.667313
15503.906250	-74.463852
15514.672852	-75.167862
15525.439453	-73.426888
15536.206055	-73.035919
15546.972656	-69.803917
15557.739258	-67.936249
15568.505859	-67.063927
15579.272461	-66.369972
15590.039062	-65.339027
15600.805664	-68.905525
15611.572266	-72.327141
15622.338867	-65.018860
15633.105469	-64.118599
15643.872070	-70.226601
15654.638672	-81.620850
15665.405273	-84.564941
15676.171875	-77.408676
15686.938477	-68.055016
15697.705078	-68.963226
15708.471680	-92.798744
15719.238281	-69.756683
15730.004883	-64.864342
15740.771484	-64.676407
15751.538086	-63.725456
15762.304688	-63.648045
15773.071289	-63.538334
15783.837891	-64.114761
15794.604492	-65.384964
15805.371094	-67.178757
15816.137695	-69.406433
15826.904297	-91.015732
15837.670898	-68.878174
15848.437500	-64.096016
15859.204102	-62.132248
15869.970703	-64.823204
15880.737305	-71.297684
15891.503906	-75.979767
15902.270508	-79.066994
15913.037109	-75.540138
15923.803711	-82.158112
15934.570312	-79.898697
15945.336914	-85.883629
15956.103516	-78.037773
15966.870117	-73.974815
15977.636719	-79.517372
15988.403320	-76.044319
15999.169922	-70.078606
16009.936523	-71.120544
16020.703125	-74.875633
16031.469727	-76.008469
16042.236328	-76.187790
16053.002930	-87.190376
16063.769531	-71.249008
16074.536133	-73.120453
16085.302734	-97.306046
16096.069336	-74.094025
16106.835938	-72.097046
16117.602539	-72.317551
16128.369141	-70.920219
16139.135742	-70.568611
16149.902344	-75.039070
16160.668945	-93.696983
16171.435547	-75.000107
16182.202148	-70.395317
16192.968750	-74.376656
16203.735352	-76.990021
16214.501953	-74.334679
16225.268555	-75.482903
16236.035156	-79.046867
16246.801758	-75.422249
16257.568359	-71.382713
16268.334961	-69.221474
16279.101562	-70.845901
16289.868164	-78.671288
16300.634766	-81.417366
16311.401367	-77.245705
16322.167969	-75.355774
16332.934570	-81.226898
16343.701172	-72.256256
16354.467773	-70.271240
16365.234375	-73.557831
16376.000977	-74.223015
16386.767578	-71.127136
16397.534180	-69.883598
16408.300781	-69.321037
16419.067383	-68.431290
16429.833984	-68.718246
16440.600586	-66.413109
16451.367188	-65.462860
16462.133789	-67.575775
16472.900391	-73.824295
16483.666992	-79.432884
16494.433594	-75.411736
16505.200195	-79.808403
16515.966797	-68.362053
16526.733398	-65.250496
16537.500000	-68.275459
16548.266602	-72.188370
16559.033203	-74.015488
16569.799805	-77.288353
16580.566406	-72.447853
16591.333008	-72.179131
16602.099609	-69.448059
16612.866211	-72.958313
16623.632812	-75.872116
16634.399414	-70.990730
16645.166016	-72.088707
16655.932617	-73.228004
16666.699219	-73.334274
16677.465820	-79.978256
16688.232422	-89.786797
16698.999023	-75.284973
16709.765625	-70.265434
16720.532227	-71.977066
16731.298828	-70.553375
16742.065430	-72.362556
16752.832031	-74.249901
16763.598633	-74.613998
16774.365234	-78.329346
16785.131836	-74.670410
16795.898438	-68.171402
16806.665039	-68.971687
16817.431641	-76.541153
16828.198242	-83.098251
16838.964844	-70.441933
16849.731445	-68.121330
16860.498047	-69.831276
16871.264648	-70.865829
16882.031250	-73.967049
16892.797852	-73.672462
16903.564453	-70.131859
16914.331055	-67.173409
16925.097656	-65.732155
16935.864258	-66.758789
16946.630859	-72.184647
16957.397461	-86.710815
16968.164062	-78.987282
16978.930664	-72.247276
16989.697266	-71.810036
17000.463867	-78.768295
17011.230469	-74.150314
17021.997070	-76.430862
17032.763672	-86.266083
17043.530273	-76.851151
17054.296875	-74.845688
17065.063477	-78.241844
17075.830078	-78.500969
17086.596680	-77.016556
17097.363281	-75.135605
17108.129883	-76.070953
17118.896484	-74.170403
17129.663086	-70.294182
17140.429688	-69.114220
17151.196289	-70.089905
17161.962891	-70.295990
17172.729492	-74.889671
17183.496094	-85.212555
17194.262695	-78.320366
17205.029297	-79.168671
17215.795898	-86.733124
17226.562500	-85.674141
17237.329102	-76.429909
17248.095703	-69.293304
17258.862305	-70.575356
17269.628906	-83.849709
17280.395508	-76.240089
17291.162109	-79.912071
17301.928711	-79.183052
17312.695312	-80.472763
17323.461914	-81.681976
17334.228516	-76.758499
17344.995117	-75.459831
17355.761719	-73.537399
17366.528320	-73.575867
17377.294922	-73.105164
17388.061523	-71.729004
17398.828125	-69.961044
17409.594727	-67.287483
17420.361328	-66.955147
17431.127930	-71.117172
17441.894531	-83.416092
17452.661133	-78.151863
17463.427734	-74.842628
17474.194336	-76.024078
17484.960938	-72.953346
17495.727539	-71.510109
17506.494141	-72.949265
17517.260742	-77.569366
17528.027344	-78.627350
17538.793945	-73.509399
17549.560547	-72.020241
17560.327148	-69.612762
17571.093750	-67.966034
17581.860352	-67.405838
17592.626953	-70.527565
17603.393555	-77.082184
17614.160156	-91.090546
17624.926758	-91.302841
17635.693359	-82.573776
17646.459961	-81.945396
17657.226562	-79.197578
17667.993164	-74.032631
17678.759766	-71.393066
17689.526367	-74.679909
17700.292969	-82.332573
17711.059570	-76.257843
17721.826172	-71.869072
17732.592773	-69.053299
17743.359375	-69.553192
17754.125977	-71.560265
17764.892578	-68.645126
17775.659180	-68.163124
17786.425781	-73.787193
17797.192383	-79.761017
17807.958984	-70.954758
17818.725586	-68.516571
17829.492188	-69.432854
17840.258789	-66.215698
17851.025391	-65.958138
17861.791992	-71.484230
17872.558594	-83.965820
17883.325195	-80.009132
17894.091797	-78.499580
17904.858398	-80.818176
17915.625000	-76.401070
17926.391602	-72.579475
17937.158203	-69.909767
17947.924805	-69.831261
17958.691406	-73.778412
17969.458008	-82.269264
17980.224609	-76.988838
17990.991211	-72.246628
18001.757812	-73.332497
18012.524414	-78.199661
18023.291016	-79.829308
18034.057617	-82.007492
18044.824219	-86.393143
18055.590820	-78.588783
18066.357422	-81.920631
18077.124023	-76.472443
18087.890625	-76.992546
18098.657227	-106.614456
18109.423828	-74.268120
18120.190430	-70.821754
18130.957031	-73.268921
18141.723633	-78.262321
18152.490234	-78.826416
18163.256836	-81.790634
18174.023438	-89.286217
18184.790039	-86.480804
18195.556641	-80.208244
18206.323242	-74.453995
18217.089844	-72.078697
18227.856445	-75.197189
18238.623047	-76.746109
18249.389648	-74.930222
18260.156250	-85.078819
18270.922852	-73.077019
18281.689453	-71.050674
18292.456055	-72.592964
18303.222656	-73.335770
18313.989258	-73.525482
18324.755859	-76.043152
18335.522461	-73.940468
18346.289062	-80.124107
18357.055664	-84.180717
18367.822266	-79.822083
18378.588867	-73.266273
18389.355469	-72.256706
18400.122070	-77.182922
18410.888672	-87.585388
18421.655273	-76.107796
18432.421875	-75.448914
18443.188477	-75.229431
18453.955078	-71.929451
18464.721680	-71.570221
18475.488281	-75.087257
18486.254883	-78.723145
18497.021484	-78.413643
18507.788086	-74.860764
18518.554688	-75.146500
18529.321289	-78.462967
18540.087891	-80.426064
18550.854492	-84.092682
18561.621094	-82.095917
18572.387695	-80.746918
18583.154297	-78.862740
18593.920898	-75.975761
18604.687500	-78.809410
18615.454102	-74.293045
18626.220703	-71.387451
18636.987305	-73.768707
18647.753906	-79.197235
18658.520508	-81.384178
18669.287109	-76.397797
18680.053711	-74.868729
18690.820312	-74.048370
18701.586914	-76.645622
18712.353516	-88.005836
18723.120117	-73.951103
18733.886719	-69.309891
18744.653320	-70.556053
18755.419922	-74.924492
18766.186523	-78.537010
18776.953125	-82.701584
18787.719727	-80.833351
18798.486328	-75.804413
18809.252930	-74.717628
18820.019531	-76.629471
18830.786133	-77.225853
18841.552734	-76.546585
18852.319336	-72.634155
18863.085938	-70.814140
18873.852539	-71.831329
18884.619141	-77.689911
18895.385742	-82.706558
18906.152344	-74.177452
18916.918945	-71.987526
18927.685547	-71.392693
18938.452148	-71.416382
18949.218750	-77.247284
18959.985352	-79.994507
18970.751953	-75.312180
18981.518555	-74.659332
18992.285156	-76.696175
19003.051758	-77.394409
19013.818359	-85.198997
19024.584961	-76.445030
19035.351562	-74.359566
19046.118164	-76.844490
19056.884766	-79.604362
19067.651367	-79.067276
19078.417969	-74.705399
19089.184570	-73.576256
19099.951172	-76.834953
19110.717773	-77.351334
19121.484375	-72.498405
19132.250977	-72.021080
19143.017578	-75.112221
19153.784180	-74.809334
19164.550781	-73.702950
19175.317383	-75.868752
19186.083984	-82.883888
19196.850586	-88.523613
19207.617188	-91.980621
19218.383789	-84.290268
19229.150391	-84.088974
19239.916992	-78.504761
19250.683594	-76.215836
19261.450195	-76.491547
19272.216797	-78.028915
19282.983398	-82.619507
19293.750000	-92.114243
19304.516602	-84.907799
19315.283203	-93.896240
19326.049805	-77.024788
19336.816406	-73.648994
19347.583008	-78.022026
19358.349609	-83.552513
19369.116211	-78.434227
19379.882812	-80.696297
19390.649414	-78.987381
19401.416016	-77.626862
19412.182617	-84.408821
19422.949219	-80.246216
19433.715820	-80.257324
19444.482422	-81.334015
19455.249023	-82.738243
19466.015625	-83.123566
19476.782227	-92.807396
19487.548828	-80.693497
19498.315430	-75.933258
19509.082031	-76.018394
19519.848633	-75.213005
19530.615234	-72.866989
19541.381836	-73.681335
19552.148438	-77.797295
19562.915039	-87.900208
19573.681641	-91.093285
19584.448242	-87.206406
19595.214844	-84.658310
19605.981445	-79.043617
19616.748047	-85.093773
19627.514648	-74.079903
19638.281250	-73.215462
19649.047852	-74.612495
19659.814453	-75.745522
19670.581055	-76.368446
19681.347656	-77.265823
19692.114258	-81.845856
19702.880859	-83.700714
19713.647461	-78.116859
19724.414062	-81.599686
19735.180664	-78.186386
19745.947266	-74.261620
19756.713867	-72.446465
19767.480469	-73.677216
19778.247070	-77.062447
19789.013672	-82.176933
19799.780273	-88.212624
19810.546875	-82.161842
19821.313477	-79.786507
19832.080078	-82.676506
19842.846680	-76.552910
19853.613281	-75.033478
19864.379883	-77.355675
19875.146484	-82.729103
19885.913086	-87.076393
19896.679688	-79.281403
19907.446289	-75.995613
19918.212891	-74.628532
19928.979492	-75.251205
19939.746094	-77.092697
19950.512695	-80.532059
19961.279297	-77.726913
19972.045898	-84.756187
19982.812500	-76.892731
19993.579102	-73.813332
20004.345703	-78.022621
20015.112305	-83.758888
20025.878906	-88.571167
20036.645508	-84.293785
20047.412109	-83.433418
20058.178711	-84.490845
20068.945312	-80.832764
20079.711914	-78.731628
20090.478516	-84.698891
20101.245117	-91.501274
20112.011719	-93.835022
20122.778320	-89.030273
20133.544922	-89.710297
20144.311523	-86.282890
20155.078125	-89.743675
20165.844727	-81.826042
20176.611328	-76.975861
20187.377930	-76.405327
20198.144531	-76.573456
20208.911133	-80.465073
20219.677734	-111.708374
20230.444336	-83.111481
20241.210938	-76.911842
20251.977539	-74.159073
20262.744141	-76.308022
20273.510742	-81.551605
20284.277344	-82.277252
20295.043945	-83.092903
20305.810547	-82.438095
20316.577148	-77.538788
20327.343750	-79.056305
20338.110352	-78.511620
20348.876953	-76.497711
20359.643555	-80.995628
20370.410156	-96.228233
20381.176758	-81.085037
20391.943359	-78.698494
20402.709961	-81.599953
20413.476562	-80.200668
20424.243164	-80.973328
20435.009766	-85.572533
20445.776367	-81.544456
20456.542969	-85.961845
20467.309570	-80.283798
20478.076172	-77.715500
20488.842773	-78.611328
20499.609375	-82.191734
20510.375977	-86.033470
20521.142578	-79.853241
20531.909180	-76.958107
20542.675781	-78.583450
20553.442383	-82.730942
20564.208984	-84.096375
20574.975586	-91.258507
20585.742188	-88.451302
20596.508789	-92.452965
20607.275391	-92.103149
20618.041992	-80.088364
20628.808594	-76.017326
20639.575195	-78.671112
20650.341797	-84.077522
20661.108398	-86.430092
20671.875000	-102.751854
20682.641602	-83.931351
20693.408203	-81.332893
20704.174805	-84.645454
20714.941406	-88.443489
20725.708008	-82.651169
20736.474609	-79.299736
20747.241211	-75.932655
20758.007812	-75.744003
20768.774414	-75.540535
20779.541016	-77.826881
20790.307617	-80.837082
20801.074219	-77.913994
20811.840820	-75.825790
20822.607422	-76.259903
20833.374023	-76.690277
20844.140625	-78.176651
20854.907227	-82.765602
20865.673828	-85.339798
20876.440430	-83.990761
20887.207031	-83.683838
20897.973633	-82.933220
20908.740234	-84.469063
20919.506836	-87.763115
20930.273438	-99.556786
20941.040039	-89.646614
20951.806641	-86.564026
20962.573242	-93.287941
20973.339844	-86.340302
20984.106445	-84.648781
20994.873047	-86.822937
21005.639648	-86.831245
21016.406250	-84.821968
21027.172852	-80.432350
21037.939453	-80.021629
21048.706055	-84.124855
21059.472656	-84.893967
21070.239258	-86.711800
21081.005859	-95.501328
21091.772461	-90.084160
21102.539062	-87.170700
21113.305664	-89.621613
21124.072266	-95.107498
21134.838867	-92.965561
21145.605469	-98.977699
21156.372070	-96.025269
21167.138672	-91.016647
21177.905273	-92.809509
21188.671875	-105.123100
21199.438477	-96.466255
21210.205078	-94.298241
21220.971680	-91.218964
21231.738281	-93.660027
21242.504883	-93.352013
21253.271484	-94.169655
21264.038086	-95.797752
21274.804688	-92.215553
21285.571289	-89.609802
21296.337891	-90.794823
21307.104492	-97.865952
21317.871094	-102.119102
21328.637695	-99.287712
21339.404297	-105.703758
21350.170898	-103.055290
21360.937500	-101.878288
21371.704102	-104.637947
21382.470703	-102.263062
21393.237305	-96.853920
21404.003906	-90.899223
21414.770508	-94.360199
21425.537109	-102.185173
21436.303711	-97.588943
21447.070312	-98.237793
21457.836914	-99.485077
21468.603516	-104.240250
21479.370117	-100.079117
21490.136719	-97.663399
21500.903320	-98.537758
21511.669922	-95.135628
21522.436523	-94.268265
21533.203125	-106.676865
21543.969727	-107.939674
21554.736328	-100.274628
21565.502930	-94.195580
21576.269531	-94.728394
21587.036133	-94.719658
21597.802734	-96.795837
21608.569336	-106.740013
21619.335938	-106.684113
21630.102539	-98.676750
21640.869141	-99.121475
21651.635742	-100.659653
21662.402344	-111.145309
21673.168945	-97.005585
21683.935547	-96.181061
21694.702148	-97.057579
21705.468750	-95.741402
21716.235352	-103.120529
21727.001953	-97.387985
21737.768555	-94.077393
21748.535156	-95.017555
21759.301758	-92.313004
21770.068359	-91.507690
21780.834961	-95.988724
21791.601562	-100.556686
21802.368164	-98.683792
21813.134766	-91.121040
21823.901367	-93.718445
21834.667969	-102.343102
21845.434570	-102.985405
21856.201172	-101.865601
21866.967773	-99.270813
21877.734375	-104.071571
21888.500977	-108.110527
21899.267578	-102.201279
21910.034180	-96.604187
21920.800781	-95.227196
21931.567383	-94.673721
21942.333984	-94.861038
21953.100586	-93.681007
21963.867188	-92.002991
21974.633789	-92.748390
21985.400391	-96.919365
21996.166992	-94.574455
22006.933594	-98.500763
22017.700195	-111.400383
22028.466797	-117.830727
22039.233398	-114.917114
